0.7539395757288126
0.7275503581924415
0.7126970308219747
0.6990041424252635
0.6824715239527274
0.6647249209086407
0.6456100685305713
0.6250037187161834
0.6025955200242197
0.5824069458839919
0.5591169041069105
0.5344022090320671
0.5085081949634535
0.4830736746334173
0.4595564619087567
0.4346122121021223
0.4086766785696353
0.3833575577113197
0.35703798683233884
0.3295444869978917
0.30074932719362835
0.272161043393632
0.24200219625357294
0.2132552987228857
0.1854276920566041
0.15473898246945417
0.12504148522267547
0.09377145735284603
0.0648679856246209
0.032763477356245976
0.00011201118122186818
-0.03377133052847538
-0.06584883007880887
-0.09885240481257056
-0.13313829019098689
-0.16450761418352441
-0.19425696446369103
-0.22379780868174692
-0.2521017516458956
-0.2793100694806054
-0.3072571352203767
-0.33474871995544453
-0.3594262826384785
-0.38558609896075136
-0.40841703005936336
-0.42933935817006946
-0.45036527589961656
-0.4708257643617391
-0.4908548069668391
-0.5105334178424443
-0.5313703526766608
-0.5494625273688358
-0.565441508038051
-0.5785370825794466
-0.5904751497099936
-0.6014707799662772
-0.6111379544478759
-0.6214480875280758
-0.6307397222535226
-0.637251474732035
-0.6453221401628234
-0.6516057301898212
-0.6568364830264141
-0.6606537397118151
-0.6632341157891436
-0.6597085411368638
-0.6556247692042744
-0.647987456549409
-0.6399219059207158
-0.6273472729785314
-0.6138805367642682
-0.5989795807777585
-0.5836572207273653
-0.5661123804308128
-0.5462258606484928
-0.5263730187878073
-0.5042514809445273
-0.4806069300706
-0.45488744238571704
-0.42935200655610517
-0.4021792466390413
-0.3749165865455585
-0.3443304655818455
-0.31292927402711684
-0.28113883865388745
-0.2498550675309267
-0.21659970299037382
-0.18306846108889088
-0.1467553736270289
-0.11184558542484256
-0.07635882107953165
-0.04032264221451659
-0.0032552458774040703
0.03369310614631529
0.06918723573667447
0.10564576900502022
0.14137534903756488
0.1777842898470221
0.21295234270421548
0.24761577158096365
0.2804907499319494
0.3126200019564236
0.3437424705832866
0.37348607395187505
0.4005949441635166
0.4261816976199572
0.4513936149313747
0.47440807765872295
0.4955001000058119
0.513109651220336
0.5302396198369278
0.5471609746382521
0.5635595497937497
0.5766141317373569
0.5859030763582495
0.5949233300608734
0.6031904677856561
0.6080978118738233
0.612595804106544
0.6143876003928511
0.6159466932038173
0.6162743751651458
0.6140285764345286
0.6082663577789809
0.6008333427816545
0.5945717699685361
0.5841834725463108
0.5728036189502744
0.5635316729254882
0.5527911110110925
0.5406505454725506
0.5264080097422591
0.5117847479771064
0.49534341599378934
0.4791191204453425
0.46101283112478014
0.4415040664327332
0.41932614642652266
0.3990769399496996
0.37883900356278766
0.35711040594525156
0.33335059939967976
0.30913647162427055
0.28403177293963267
0.2592149281614103
0.23402283797439255
0.20827092519328064
0.18418537867580845
0.16138117450176626
0.1394857770712438
0.11582442013114694
0.09330756039880295
0.06995057526101862
0.045099856353914
0.02051129400161908
-0.003981952654184547
-0.02868918705617783
-0.0501557599660478
-0.07444101426312943
-0.09866416579731303
-0.12364277145816087
-0.147814799125842
-0.17219819017572813
-0.1954608230429773
-0.21809276350160606
-0.24010768207408523
-0.2625941141191785
-0.2851349560417829
-0.30443912030060555
-0.32237137562397256
-0.3415109085409833
-0.359148440293876
-0.3747029321300989
-0.38968526696839856
-0.40206061747745414
-0.4151498595151901
-0.42397556096222366
-0.4329091162053917
-0.43660486607161836
-0.43910521393288765
-0.4400578024393219
-0.4396282615671708
-0.4382092626300876
-0.4328055330658337
-0.42718582423973817
-0.41969565977798645
-0.41288505014561844
-0.4012723595868654
-0.3903726472613604
-0.3792374951768232
-0.3665127298204629
-0.35256927458467924
-0.33728676192300955
-0.3219879135448547
-0.3050281101011887
-0.2883434840417397
-0.2701935347491357
-0.25258888185618317
-0.2358122670516222
-0.2180513272072618
-0.19993861176018077
-0.1822857345207328
-0.16921636270746537
-0.15388095423278894
-0.13992774568885752
-0.12767997614316945
-0.11767234527317055
-0.10662644379484007
-0.09833219489097393
-0.09080075219700848
-0.08406187053411494
-0.07797621733760894
-0.07436663592756641
-0.06971656273788371
-0.06661624994302068
-0.06432952775813293
-0.0658600501550852
-0.06591716608198364
-0.0658754740299641
-0.06713384021798102
-0.07057374742306242
-0.07389639958858789
-0.07799552023262418
-0.08322366083138141
-0.08775728827169689
-0.09272999490280644
-0.09732116966004281
-0.10396396975041014
-0.10814828992522124
-0.11460477413901743
-0.12334592460156263
-0.13069158092330746
-0.13808941343680373
-0.14525303210326154
-0.1513526902437186
-0.16016642191685176
-0.1680690384542407
-0.17717442983568443
-0.18538937128443972
-0.19230621691956537
-0.1991430638780165
-0.20643749826047342
-0.21551939450864407
-0.22185018296364042
-0.22638786269433228
-0.23126359956757767
-0.23572882547239665
-0.23905758319677642
-0.24020574033929637
-0.24088575875512538
-0.240012886189576
-0.23797746280616078
-0.233273815243594
-0.23043886498626429
-0.22563733626850013
-0.21976003341628128
-0.21263631159414859
-0.20480158313519398
-0.19779368213873402
-0.18987707826192352
-0.18086246254777383
-0.17182417298696695
-0.16365466023221467
-0.15339921876699064
-0.14659562515250363
-0.13853526829044596
-0.12857266502383743
-0.11944504583613284
-0.10939591176741681
-0.10114486767617258
-0.09303929026207321
-0.0833724887902272
-0.0735851715434845
-0.062224809519268176
-0.05253378557357842
-0.0429752641004589
-0.03379732816884437
-0.02398236169584539
-0.016016587800441073
-0.009804446330972307
0.0016853543701991418
0.011154832270190157
0.021213476799651586
0.029567127345655045
0.037268704252489786
0.044592790539666305
0.0516479356491079
0.05920618291624299
0.06751735784858606
0.07370814986372169
0.08083407908554006
0.08652381891862461
0.09178159515289348
0.09807723465845689
0.10093042418858325
0.10489661083393424
0.10907452523618175
0.11276813324600903
0.11313132311559584
0.11521334981039297
0.11658061505610587
0.11632009880762863
0.11893438087215918
0.11956712639780999
0.11954961816750899
0.11961790851080129
0.12028482249446835
0.12177839813526038
0.12116113463572259
0.12176241899560451
0.12357147017432349
0.12487333867616844
0.12661816781871146
0.12783550478773187
0.12991054247855657
0.1321330912136177
0.1338971915201394
0.13863270510802536
0.14150886972253812
0.14509221417330542
0.14955060455012573
0.15304878939850955
0.15592490558606825
0.1610767293280836
0.1647706774760408
0.1707814369816811
0.17397861782208648
0.17619721657368928
0.1809870025801944
0.18387248179346824
0.18696540925815353
0.19024031773663613
0.19293826792719146
0.19438461775357058
0.19575324295579052
0.19430084128190234
0.19138176274106028
0.1893439101640362
0.18795955902854902
0.1834145201185461
0.17867260168486815
0.17494562518537768
0.17115792677213607
0.16561851731605745
0.16132657061337746
0.15594693112322489
0.15123140849485944
0.1460714783173758
0.14006313223055616
0.13587695792461324
0.12912608979561255
0.12369859742737854
0.11703742403681669
0.11200338685978921
0.10298185353586506
0.09824843514955407
0.09450656826869291
0.08974896746936188
0.08502054416071704
0.0799816662638179
0.07557413491596879
0.07170091358744782
0.06836440657360675
0.0643980383424684
0.06449008917284527
0.06421684997097876
0.0633554350666049
0.06361758442018635
0.06519468612834775
0.06510965564362584
0.06617611084739936
0.066966270939374
0.06814513799387395
0.06870979351976493
0.07138722424861257
0.07136280297023016
0.07350813619891997
0.07841557408404605
0.0811876282587666
0.08442702422723154
0.08545783673905463
0.08899805929975874
0.0928273167397882
0.09682430988185485
0.09781640604839192
0.09947212914412523
0.10318707725357516
0.1064626532708159
0.10775158152787166
0.10797521557439622
0.10901618989016287
0.11040993650557013
0.11215449385159412
0.11152920026116558
0.1100677513284244
0.10971763976516297
0.1099671206305455
0.11002783665924723
0.10991817857918107
0.10707290223462272
0.1036246269881536
0.10103427477662083
0.09639595749288059
0.09090389190521259
0.08478100622344706
0.07975892250709889
0.07348009788044461
0.06578438270893786
0.058375571182327224
0.05169047213275343
0.045280272565832565
0.03778180508931227
0.03014714406503203
0.022813691933412775
0.01591097698357681
0.008947325642026624
0.0017078634975031346
-0.005452089402051848
-0.01306863306928687
-0.019301830334828105
-0.027311413737758448
-0.03375836402807766
-0.04149713044407747
-0.048573853336363146
-0.05549276147524677
-0.06174594089845838
-0.06787066016892747
-0.07403716396353978
-0.08037245956747568
-0.08634612327895684
-0.08893277361479311
-0.09228332556774597
-0.09515345139269533
-0.09679900331431192
-0.09837430227828188
-0.09998306155366049
-0.10037890315440662
-0.09991396001657503
-0.09990205813148735
-0.09890127938828254
-0.09822988587926061
-0.09657796803451084
-0.09589736760122271
-0.09335588486368772
-0.09152846639462861
-0.08935700295574286
-0.08757601253394634
-0.08412022599099482
-0.08315555115420098
-0.08083755963068584
-0.077165560690703
-0.07243886636724797
-0.06889030223436961
-0.06421962607513382
-0.06078562226807408
-0.05775823712953699
-0.055048639132135244
-0.05333591019854398
-0.05160791938392796
-0.049148588977158916
-0.046487944380116636
-0.044649811401653985
-0.04206311564884924
-0.040640841267116805
-0.039519305772411265
-0.03941308865634156
-0.041126270830628864
-0.042794868831644864
-0.043181833209684314
-0.04385635950330054
-0.045824725070346684
-0.046028713639430716
-0.04861578929212157
-0.05010501159322472
-0.05123053125937356
-0.05424048781487787
-0.05620037386702596
-0.05977049474498373
-0.06329593469179752
-0.06609609231621641
-0.0687656033175575
-0.07271774595743936
-0.07835746695435525
-0.08201232742810406
-0.08697869700019804
-0.09046339457490724
-0.09736363885528057
-0.10025889776932699
-0.10407355155635954
-0.10784615717958561
-0.1137273869034098
-0.12061406830269923
-0.12449160513170039
-0.12825078448285443
-0.13132260864139436
-0.135501121710315
-0.1389872094610894
-0.1395076800660694
-0.13954615980041035
-0.13982399123090758
-0.14113290749552618
-0.1418805270482669
-0.14169387228077046
-0.140274154841057
-0.13799810561881964
-0.13610883869989113
-0.13381357085672568
-0.13167014802602814
-0.12689005982927942
-0.12096460160167578
-0.11588551970191911
-0.11017568215808089
-0.10615918135271313
-0.10274791312419988
-0.09823638992710404
-0.09426832723304956
-0.09073194364416534
-0.08881986082533816
-0.08304018151153325
-0.08181703485123076
-0.08005286338210633
-0.07741451805688665
-0.0759124152420833
-0.07480671836355404
-0.07019385211462092
-0.06844622196405875
-0.06375880469217504
-0.06083285366164681
-0.05592868254098875
-0.051298275227699947
-0.0478819768419401
-0.04390097943402252
-0.039800913371415024
-0.03538503890879955
-0.03161997772772501
-0.026335927825948464
-0.021319678524555696
-0.017301757208833878
-0.01092011820829689
-0.007603146307270749
-0.0051255127534149915
-0.0023931930065399665
0.0029743161248912005
0.006869759776162516
0.00869064653211313
0.012465252922109754
0.016309268801444114
0.019672125043523437
0.024891467578601726
0.03035964720469638
0.03525140087932675
0.04184756066474857
0.04736576189552064
0.05537518680325808
0.06197500043755912
0.07013824828522908
0.07776044634414093
0.0886668112727274
0.09867088733637895
0.11229674538185716
0.1239188255035667
0.13679370485798878
0.15134453281294694
0.16454733410587824
0.1803790509968479
0.19561430583117514
0.21161315442752385
0.22868974935116668
0.2430218162960531
0.2583766155809551
0.2723372644013586
0.28742077712759206
0.3026523875358202
0.3168945321698546
0.33093087286413003
0.3441304557974989
0.355910022218025
0.366522011274944
0.37752232749132336
0.3873335670802768
0.39642373817735516
0.40570559896624403
0.4121370756028557
0.41917409073449996
0.42425980361567295
0.42806704350442465
0.43150481708135335
0.4336747011708657
0.434742422779659
0.43497245306211285
0.43320598357794216
0.43080193836717906
0.42530576280863747
0.42051916949972495
0.413347769346323
0.4050799608020165
0.3976744715018976
0.3886491729073277
0.3792545691434537
0.3686460356303851
0.3561913492750899
0.34506847086288234
0.3351286512556937
0.32341478119460887
0.31179809075522
0.30086693326694963
0.2879537342871026
0.2740715656469573
0.2597163142745482
0.24624508489948138
0.23216698517784817
0.21961937352240407
0.20779515111210045
0.19650547837515506
0.18300334000434057
0.1700142549909947
0.1546499844655752
0.1400197389220606
0.12392723002589429
0.1086803765011962
0.09256530438146286
0.07767989661166437
0.06487472756679334
0.04784894561728565
0.031637421141964085
0.015885343204511022
0.0001656849344680022
-0.015602631673894139
-0.032605643081604394
-0.04897281751680141
-0.06370325685780018
-0.07965836339079706
-0.09363377085193358
-0.10764713930227325
-0.1224821849009997
-0.13504252341853554
-0.14873911709632043
-0.16378444235837258
-0.17651182681708624
-0.19058321170096826
-0.20566299764565707
-0.22056110811949273
-0.23226230731959152
-0.24485258718639025
-0.2578702728540013
-0.27265943054297925
-0.287849533490117
-0.3003013142267459
-0.31404941201853104
-0.32641175052953725
-0.33713557069856376
-0.3466001811957057
-0.3571872531186779
-0.3663781003437391
-0.373298343903259
-0.3807228414021034
-0.38804375587723533
-0.39397974653952683
-0.39661282335855325
-0.3982671510027278
-0.3985549448227713
-0.39971703716888574
-0.3993987194579058
-0.3969324234793071
-0.3924893330154585
-0.3876209145578274
-0.38066120921091295
-0.3737118281065996
-0.364564003587373
-0.35450307326159847
-0.3436607083694949
-0.33231576845019317
-0.31978882848709556
-0.306942403943816
-0.2895533264513722
-0.2734488510958655
-0.25694403205695543
-0.23797374998480558
-0.2184171195288524
-0.19883306441953255
-0.17829740337977482
-0.15701282388696344
-0.13628799286086646
-0.11453005646303922
-0.09319749982152992
-0.07038878310302535
-0.04811366866336294
-0.028197969392772984
-0.007551690130151656
0.015456053726710718
0.03675916955151062
0.05914328757503305
0.07691578789156536
0.09627181055216132
0.11637707647048932
0.13541476387908377
0.15171160415404253
0.16886048165021403
0.1861251231032892
0.20332120594213246
0.22151880745251332
0.23487112444567781
0.24831020858784109
0.2620768867510291
0.2726508803464808
0.2817681948098531
0.29237337728154283
0.30036996147500006
0.3075509051067767
0.31323985334519644
0.32150999803996594
0.32635795645331106
0.32925564996438794
0.3309182047006449
0.33271408979622374
0.33358702691657904
0.33420357183894517
0.33486614106572754
0.3330049698972156
0.33059338616291273
0.3277822683079036
0.32384718935340556
0.318744933053228
0.31457266992440297
0.3085243785138896
0.30354685141236176
0.2957915573839553
0.2888103509873893
0.2820465626599158
0.2729427478528443
0.2650708610384623
0.2576740002143398
0.24855364912727443
0.23722470686208397
0.2263442182976179
0.21603195252942697
0.20715524413665384
0.19442388017464837
0.1817331687898078
0.16810634354754223
0.1542771300424562
0.13950108216275026
0.12447377427965414
0.10801812909826479
0.09313390387185576
0.07856124645148012
0.06368617556397592
0.04786216962341754
0.030213011702580294
0.01076829196412255
-0.007079414706528715
-0.026014067101287414
-0.04653804565943924
-0.06965356078488252
-0.0883094502593571
-0.10726722988567633
-0.1257217795532709
-0.14447009009835732
-0.16287818494229783
-0.18020022403142666
-0.19686820990878376
-0.21056765091703275
-0.2246267234878248
-0.23685518838007452
-0.24815280909391027
-0.2576361556876749
-0.26461338256071754
-0.26919285241569557
-0.27318533267286915
-0.27478028093800205
-0.27435351348888165
-0.2735605202410858
-0.27181024205162074
-0.267883552475742
-0.2635670482194418
-0.2585498929376029
-0.25250434347561684
-0.24566194014606307
-0.23672281934214037
-0.22768482231767162
-0.21955082788317995
-0.21106041608093512
-0.20258854552893646
-0.19343942799062663
-0.18314978842231514
-0.17333494691395282
-0.1656141714146393
-0.15643395093710705
-0.14589101782142042
-0.13536199668159024
-0.12516447875706657
-0.11291684162243712
-0.10184595190473311
-0.09045768710692755
-0.07986727648676752
-0.07005685643139223
-0.05911014210416334
-0.04973152661949082
-0.041697941918173165
-0.03365098560086638
-0.024772266574077526
-0.01726558951421103
-0.013014776993235765
-0.00884642372528576
-0.005659656882224992
-0.0034145464848188713
-0.0011210729892929057
-0.0014290227246775407
-0.005252678200984531
-0.006298871890127551
-0.007270513595646833
-0.008286383533858977
-0.010554956930356452
-0.012619576861538999
-0.01771316379515827
-0.020570869231229857
-0.022371615880316564
-0.025462724743892728
-0.029245852307789085
-0.03276720564450147
-0.03666296216032279
-0.0400473643450751
-0.04160744902021123
-0.04417728813582148
-0.04810997045656727
-0.0509647476449802
-0.0546926169839739
-0.057744958653353384
-0.06119154666798147
-0.06541093592284676
-0.07042662308071038
-0.07223147946622223
-0.07417404102129986
-0.07463808331688146
-0.07529337614224325
-0.07476967865315372
-0.07485617256665844
-0.07405526711383786
-0.07312474350218841
-0.07050785893238921
-0.06808434807201794
-0.06859556459219229
-0.06782948041703965
-0.06662872431366716
-0.06285740353492347
-0.05747708820359137
-0.05300381555716861
-0.05258985503534619
-0.04995666356658147
-0.04590837256261454
-0.04005830631563772
-0.03718470147775401
-0.03148848312069305
-0.030106309996025503
-0.026816099002099945
-0.02385671107847792
-0.020763519667072624
-0.01805256605563441
-0.01552953226199917
-0.011013580549147847
-0.009648626852292192
-0.005486665377499496
-0.0037621196771022267
-0.0015848419398561233
0.001562338388680586
0.004797838732385431
0.009616129852444503
0.012429131106565069
0.01692902990686914
0.019994617476876243
0.023007462947618875
0.02678317395876883
0.028115562782684695
0.030126533156113865
0.031638872410466715
0.031914630278928595
0.03239081006657183
0.03239506621899346
0.03406620915911214
0.037453217973538455
0.0384169545875629
0.03895717419825389
0.03916616565747096
0.03933854994360008
0.03817001560473024
0.038934267737354505
0.040581204682730465
0.04323069233942948
0.044112584609349845
0.04420191091549577
0.044822988578346705
0.04690324600647624
0.04664047505468629
0.046918082330505116
0.04863420183506039
0.04833020502570085
0.04882689408355994
0.0473184859950783
0.047345555189347334
0.04677489503329902
0.04830400969549824
0.046621386114033436
0.04498358840503472
0.045415067832102994
0.045413977822991294
0.04624889833389497
0.044993407474168835
0.04280400790740656
0.04311323730265883
0.04129165825474556
0.041149943937776365
0.03914708864965604
0.03900559924950506
0.03735347905502118
0.03758552812439142
0.037823216768348995
0.03827446180473364
0.038767829874743094
0.038659020878850044
0.038894347660452515
0.04020716176945531
0.040061260288392825
0.04198011661689363
0.04279095554790958
0.042499981519598246
0.03920642176162992
0.036667508722561616
0.03695852041767321
0.035110278941249594
0.03288168450398444
0.02849175220542288
0.02548025217314607
0.021034994674350375
0.016687042498815884
0.0103287385578291
0.005454368455256939
0.0014936019300379167
-0.0022738162411855434
-0.006010175045948756
-0.010094062232664253
-0.013031836463496305
-0.016037553981845788
-0.020875613030185054
-0.022689149048772523
-0.024842430456128495
-0.026662568314260834
-0.028646161013570096
-0.029712614902941418
-0.028615797656748505
-0.028468756207535837
-0.028147731893698548
-0.028703599177290453
-0.02794400778575072
-0.02830924604672333
-0.028467796936166537
-0.02926189939337731
-0.02820311523223965
-0.026327250481605568
-0.023314914230941626
-0.02077587002283877
-0.02004608796697458
-0.01930968990657841
-0.016288163760120152
-0.013187145013337506
-0.011804914081154548
-0.008623363045554465
-0.005725988459312532
-0.004442457448859155
-0.0027002577568128565
-0.0034985507151251843
-0.002793936238859706
-0.001020795035013991
-0.0005888758843382404
0.0005366094923646734
0.0029503949781331342
0.0037779897739027364
0.007772861460047046
0.010670140716251005
0.012191038284367139
0.012232373300532545
0.012608350116741624
0.015936488914454067
0.016878510402966236
0.01634299727423803
0.016021832216630907
0.015882646241079674
0.015311678452597306
0.015079535240482637
0.01636417175669428
0.016263482091129
0.016567294576798265
0.017169211661023916
0.017238686964679655
0.016976129509310465
0.016643859226806567
0.016671582102090646
0.014751535569958594
0.012106815782140118
0.009392975147887167
0.005686190447851534
0.003500164383799725
-0.0002301277385995234
-0.0027751169252370565
-0.006741527416595513
-0.009680964148532489
-0.010466279269376821
-0.010785471704307043
-0.014510139947165374
-0.016066722934544832
-0.016295993484809052
-0.01591843354944006
-0.016926085281137378
-0.01802389498277344
-0.01767146509034525
-0.016610837965839814
-0.014760481580002616
-0.013095419835442245
-0.012343056370129245
-0.011401848620605575
-0.007613326327945071
-0.0049449428189885765
-0.0020541338766714
0.0009215043595367424
0.005042210657907307
0.008183122947709212
0.012153655658171765
0.016735206734477148
0.020634481794993418
0.023940111654688793
0.028027368798995735
0.03156389696642986
0.03565227649301544
0.038339567867291355
0.04190378763892534
0.043522154564499795
0.045960929633211675
0.04955855736909738
0.05250410916715128
0.05421638475071057
0.057649133360600985
0.06166951354212665
0.06547121919029657
0.0704323588394568
0.07552656353954948
0.07977065694064375
0.08547435431661561
0.09130636853850631
0.09778853638827227
0.10057465186774134
0.10502083390488182
0.1080648929390333
0.11128537219455574
0.1141689672038562
0.11630800675917549
0.11865001227124179
0.11698657347680443
0.11450846181128208
0.11180276727204688
0.1095398900892054
0.10561207732753401
0.09891486232774521
0.09217807010062128
0.08530224485363011
0.07943530028512799
0.07404498839108632
0.06626038539734698
0.060483300701732995
0.05393855504919084
0.04727078764068985
0.04098999314266223
0.03254011629007305
0.02504525793622609
0.017264306050827804
0.00923996411962182
0.0005653114406996575
-0.004804677380672971
-0.01257846531068228
-0.021126348992477673
-0.029630529901268503
-0.03926173936469976
-0.04796449900737323
-0.056668327781959967
-0.06576709199202554
-0.07512152612770324
-0.08468653675823368
-0.0930021331511162
-0.1024604842498219
-0.1115060131696309
-0.12053248257513083
-0.12934305948117308
-0.13802059755259546
-0.1457283783076514
-0.15277199057009264
-0.15600976678583045
-0.1609043194448239
-0.16293457269645598
-0.16346898314291208
-0.16308769080132535
-0.1621339065296135
-0.16128434646041645
-0.16232651480900337
-0.1622950220766583
-0.15971627457901202
-0.1576784571383165
-0.1549773777545953
-0.15384102982155634
-0.1528017321472665
-0.1505981067212496
-0.15002306866568485
-0.14986698425813003
-0.14934550274798597
-0.14909603071241925
-0.14702857390355048
-0.1468632206352218
-0.14373032551752896
-0.14135817088885597
-0.14075846389065552
-0.13998018983268878
-0.14033630628984656
-0.13888561938688324
-0.13717893387770957
-0.13600035659022047
-0.13356582256763755
-0.12978953581202218
-0.12397228937917262
-0.11895809672491972
-0.11164211133169649
-0.10587481408769513
-0.09923834769587761
-0.09399186169847394
-0.08682522960912596
-0.08041838807812034
-0.0717505705097831
-0.06396038689589799
-0.05755009344317829
-0.05258140004433019
-0.0462983433683653
-0.037927854129832114
-0.03219312178316137
-0.024845679728430745
-0.016887419543630867
-0.0057684901508557335
0.005103004648335876
0.017583861525746834
0.029004705555986093
0.041415360972472594
0.05556667441691336
0.06925084584046388
0.08294680307104083
0.09742312056001891
0.11050311173310118
0.1256816551426247
0.1382017651586143
0.15260543154840114
0.17073301975735822
0.1858099067191706
0.2005843633257033
0.215224166887368
0.2293917554274623
0.24296853202995494
0.25524289931949273
0.26664805274160436
0.2780945192921764
0.2877034763573457
0.2952617883538701
0.30267447161613725
0.3098424366047634
0.31643195110642935
0.32146703234247953
0.3264544992867223
0.3317079260458711
0.33797236923601626
0.3413789696362831
0.3432453519063764
0.3453359917946941
0.3479439795225565
0.35112280063890977
0.3521887463551259
0.35082135116399393
0.34962285517931324
0.34622676396230767
0.3413855755547778
0.33496151915589695
0.3279428667381114
0.32147711953421104
0.3144435563787384
0.3070503765812287
0.2988047731140953
0.2895962236044507
0.2792639438031767
0.27050917677177655
0.2597584464638237
0.24923764198418116
0.23630606801159618
0.22356947897472043
0.2122307142115959
0.20132583133483942
0.19090717037244415
0.18121834135201598
0.1721956928729721
0.16402204620909097
0.1539900672322986
0.14457320856866465
0.13737143483963088
0.1277280523754958
0.11778034567787848
0.10846170489734895
0.09925152122689754
0.08894023675613194
0.07954548274448763
0.06929304826984634
0.059019801048510956
0.04905866329517768
0.03619222970142332
0.025306351867244677
0.014096062398565572
0.002095612938206861
-0.009261843055571595
-0.022086247331873417
-0.035345586126820934
-0.0473826702542259
-0.06002278320294241
-0.07279516958941608
-0.0853783504201098
-0.09880827493188388
-0.11176247287100861
-0.12576112430098155
-0.13943358085286306
-0.1555758315020612
-0.16831506448506717
-0.18239399471869377
-0.1960800602097035
-0.2099622454206837
-0.22507420516668777
-0.24019101523104255
-0.2548700739064744
-0.2672960249653147
-0.28074650901420667
-0.29464882420786054
-0.30831799881291655
-0.3177984331620005
-0.3287500936684653
-0.33805757041075785
-0.34591823258872834
-0.3541325282974524
-0.3589764611055456
-0.3657436508852526
-0.36853560745158004
-0.3717448757286161
-0.375877171629931
-0.3770136091140049
-0.37771323313136373
-0.3760886525614563
-0.3730668096302132
-0.3707803674379708
-0.36565089698482606
-0.3594113439740186
-0.3513359170467818
-0.34192650012400616
-0.3340151187505564
-0.3248285480006505
-0.3159387484415415
-0.3019710823948699
-0.2904591632418549
-0.27680161070743975
-0.26140677164428555
-0.24656408043195552
-0.23150985022748574
-0.21572327945201733
-0.20047470636544404
-0.18499443479880842
-0.1693494580047623
-0.15311719871705895
-0.13374478968710496
-0.11533408754296491
-0.10083470068813692
-0.08473765348162732
-0.06866616678497346
-0.051902717305801434
-0.03713032371051309
-0.022861169572499895
-0.006998629081830029
0.008919127726024562
0.024115310720253504
0.038651405046462695
0.05348792809930856
0.06684574762395593
0.0814510949995284
0.09522836787915621
0.10889043451266993
0.11952192488569843
0.13112002802413908
0.1408210428072903
0.14833931766725525
0.1590171629559341
0.16655710827704312
0.17456276465983947
0.18154183872931984
0.18916106281164002
0.19588823710648162
0.20159314670890063
0.2100910359182123
0.21580083968428168
0.22233468512138738
0.2255565303707075
0.23270246747561682
0.23976921544698623
0.2459728068979639
0.25046001059845613
0.2528942410347512
0.2567028070240424
0.26007896574981115
0.26191042718048124
0.26590540356935594
0.26620621182789933
0.26826932096483463
0.26983650271225024
0.27260065443188586
0.27299208347034587
0.27241856921166097
0.271657621178828
0.2710140074440847
0.26735564462475203
0.265130091855129
0.2605858010336495
0.2549224801309841
0.24722220883422585
0.2414900743767567
0.23267937260124705
0.22351692574005044
0.2123452988926915
0.19807760905511254
0.1869195534327746
0.1740258737215906
0.1613192436928209
0.1478123455998481
0.13370421205598085
0.11966486966669286
0.10421722312012299
0.08937884149576666
0.07341516802581272
0.05596829330066185
0.03903766084015755
0.021582818860338474
0.004080258410504383
-0.011178580973248677
-0.02638546491784452
-0.04314647551451657
-0.0583151825475894
-0.0727052504559223
-0.08608262212616918
-0.09910139734154254
-0.11232126926801875
-0.12506413487330562
-0.13551168859943308
-0.1436873954125084
-0.15317893697763657
-0.1593597352951314
-0.1668091933286456
-0.1708730523774526
-0.17582296476724465
-0.1799684042436174
-0.18200206505272773
-0.18372434709189364
-0.1829705337913277
-0.18153828122144047
-0.17920978348274977
-0.17589364125237225
-0.16908355173599543
-0.16239728580603577
-0.15662145300870292
-0.1499556873092538
-0.14243648420518162
-0.1341798226231803
-0.12719946356647338
-0.11887037996511636
-0.1110338109483177
-0.10101032559551125
-0.09083512384397525
-0.08092159513172847
-0.07188140126154471
-0.06358893401637233
-0.053717187902139446
-0.046043825313288066
-0.038243692619127294
-0.031319695623351136
-0.024594049146381157
-0.018674352506662436
-0.014808761600098993
-0.012507707521256925
-0.0074626435270689385
-0.005039978231701458
-0.0036063067925236076
-0.0037329092576263876
-0.0029779233024404424
-0.002120097617374547
-0.0014265925178793683
-0.0019000331461552793
-0.004480916726835787
-0.0035232742665138343
-0.0016885117337684448
-0.0022699594152136306
-0.002248819914127862
-0.003785461633027367
-0.004162815856780718
-0.004592757174642157
-0.007449778849052163
-0.009905110308571457
-0.012186960088846606
-0.015238676214503642
-0.016710911197520096
-0.018811609999977358
-0.02081997534727492
-0.023634045312917504
-0.02595548046984023
-0.02876554448014953
-0.03140580377821935
-0.032752621739208086
-0.036119782378232816
-0.04021706015770508
-0.043506379839783324
-0.045370528843703135
-0.047533182309009395
-0.05016524026760435
-0.05543772662298317
-0.058587949705846465
-0.06077858077607979
-0.06318022174747502
-0.06620441088182502
-0.06817161432169008
-0.06649314153537478
-0.06674374901044507
-0.06568434607886842
-0.06510473941188694
-0.06149812432664794
-0.05904263601699587
-0.05862666138156222
-0.05840304495522064
-0.057255865475980244
-0.056093213888086614
-0.05463641535562625
-0.05397687386459461
-0.05259321497119933
-0.05143759075785401
-0.04885157585652915
-0.04817398897244981
-0.045699906480472806
-0.04327150249298685
-0.03968741998555284
-0.03723931598678974
-0.032038770328356496
-0.02832180423142392
-0.021683531913571467
-0.018802435438139007
-0.015302841868265658
-0.009756689792123973
-0.003792674946442317
-0.0001558839813308977
0.003927934242709039
0.0077219132847352965
0.010934264899240716
0.015156802261168436
0.02051610160485558
0.02516320392869997
0.028110581552198824
0.03354254154777023
0.038004000498322615
0.04009911005382758
0.042922880735390245
0.04512200202252139
0.04577332103554447
0.045734490170320684
0.04759978839213694
0.04840240171415433
0.04736449869642007
0.04688822492141426
0.045560446638113095
0.04485217002490371
0.044493948858220715
0.04421613834973175
0.04205985846794857
0.03885420914719012
0.037233636253700825
0.036367096250303044
0.034689117376172425
0.03219199612343679
0.030475730129399584
0.02782434400836485
0.026797315666936702
0.023018566176794982
0.019334324341476153
0.015146117031416707
0.011347000530720592
0.009109350503633488
0.006687123639277968
0.004503490355966332
0.0003042749772794084
-0.0004971736488319995
-0.0025979760196875716
-0.0058733375092183075
-0.00927858869042804
-0.011807547568754425
-0.012795786244455862
-0.016170797677780933
-0.01958988099434412
-0.02274832884957737
-0.023435765850821515
-0.023808874304989763
-0.02551505503570222
-0.02697093067752424
-0.02837182723863714
-0.028468549291428922
-0.0316831440669759
-0.032415995696158204
-0.034631384324505576
-0.03615392200837861
-0.03851456315891794
-0.038211123793098614
-0.04104583038735402
-0.04205747143256012
-0.04510344249470189
-0.04785874170115297
-0.05161313896516146
-0.05432191367309578
-0.05594864579110791
-0.0576255092402837
-0.05894276014307724
-0.05945114721861332
-0.06025609249857098
-0.06122202087793807
-0.0628514853604394
-0.06352896952308573
-0.06590738374121158
-0.06539679126716229
-0.06590163445541176
-0.06623700518510882
-0.06645186213946201
-0.06797894067881737
-0.06793001269622999
-0.06939337916887944
-0.06791616925646024
-0.06969576449942998
-0.06918693396582867
-0.06796074082073886
-0.06869357184331154
-0.06777384821621488
-0.06652125340160601
-0.06469082386806321
-0.06206684345708901
-0.05981641530718747
-0.05857165398356647
-0.05676510948785567
-0.054358790447500846
-0.049968705752281746
-0.04746405855517426
-0.04506083500247309
-0.040394546392210726
-0.0371591611668721
-0.03328438311917029
-0.030989872779057504
-0.026244291471704085
-0.02121360099636956
-0.017166401663626735
-0.013881030248685937
-0.010986596130402012
-0.008259854347772528
-0.007322981086944254
-0.005007323951303643
-0.003209714344874749
-0.0013990372469805251
0.000539371054739835
0.0018607972923318002
0.0033633966015195233
0.0048280134674326255
0.004680050488267798
0.005628159602423596
0.00817968791485491
0.009006439833389123
0.010309860560015803
0.010883905209076025
0.0112910344912961
0.011970241370890283
0.011082883952952071
0.01068783684204115
0.010577861324311336
0.009098492008355974
0.009346267096966997
0.008432075697023542
0.006056390395568398
0.0060723064344372565
0.004512370305582529
0.0038805327311592667
0.002677987874839654
0.0006887401731636766
0.0010577111140495563
-0.000905607198544709
-0.0017996095688048628
-0.002704230971892818
-0.0017538564687122125
-0.0011988090979947194
-0.0024680531674522123
-0.001831399681278022
-0.0008219746546718299
0.0005362215666012048
-0.0006858634341161898
-0.00156944858793971
-0.0018065402789175333
-0.0008547118693620403
0.0006285794250138466
0.0034162494531524957
0.00640642822167053
0.010336473806024425
0.015852679067673802
0.019826313776514767
0.026096712023903654
0.029617959038212953
0.03630809105904383
0.042928378194884355
0.04891689480503047
0.05599116878797919
0.06395239328924628
0.06980021093104374
0.0785724987480069
0.08640237968172333
0.09510740505795466
0.10344759910245845
0.11074284735293949
0.1183127795648607
0.1257853248137874
0.13270823359284062
0.13978001694282044
0.14911488875252923
0.15482880002506455
0.16239251633816523
0.168734580053385
0.17574032453947044
0.18268079220310565
0.18903620509954447
0.19430975259869926
0.1990602807484948
0.20214466972548006
0.20588673529067883
0.2105409672813052
0.21239146838680983
0.21578898421618994
0.2153774616692039
0.21467651199621784
0.21515379620776381
0.21423087965773596
0.21262570950873017
0.21160493233851363
0.2075122783755264
0.20424568763655834
0.19861588220633322
0.19336378834267817
0.18751305489696127
0.18053232019645818
0.17118670238986486
0.16101231434108101
0.15086198650373506
0.13785522883435683
0.12437326049812022
0.11211988893648572
0.10081891581681317
0.0883731056522635
0.07218500614495903
0.057148019672763124
0.044336352694544834
0.030146218168999574
0.015146693909441523
-0.0007670779927573218
-0.013734103616868183
-0.02602635204289915
-0.038652205836128516
-0.0515933153107136
-0.06431313159585239
-0.07543400149930118
-0.08723450684207927
-0.09792736952565077
-0.1071354951062318
-0.1154907989864875
-0.1237793774281797
-0.13379295768147428
-0.14172690951973302
-0.15296889337366856
-0.16193923742794442
-0.1724261126472137
-0.18079114956906792
-0.1873432316554509
-0.1932551799587932
-0.1975018642566957
-0.2014950423511722
-0.20513850368634634
-0.20723083891156302
-0.21064653711737932
-0.2128204950525677
-0.21659236223976477
-0.21981423715575193
-0.22181936443431774
-0.2241008288493026
-0.22605377166426682
-0.2267863680365972
-0.22765152941627428
-0.22825664493346662
-0.22855722901583006
-0.2280330937637363
-0.22755499714579266
-0.22749539928642287
-0.22671965167570426
-0.22462149858261987
-0.22083726901566594
-0.21886095214751794
-0.2157014411067488
-0.2140660977564542
-0.21012905858476033
-0.20722970810496788
-0.20621475340570342
-0.20404671270452285
-0.19980261878270514
-0.19349209928639557
-0.18715553144697758
-0.18050323072680136
-0.17164568297447844
-0.16356459520340869
-0.1533196936793864
-0.14494267980717943
-0.13600500725664205
-0.12646235256411573
-0.11370573302634286
-0.10223710189931304
-0.08942764644395126
-0.07618339646091743
-0.06071722588338563
-0.0468958202054305
-0.03502278729476629
-0.020247379892765767
-0.0034025149973352354
0.0124304147205977
0.026776061391016796
0.0433797386262559
0.060600744477516975
0.07716624746828449
0.09229566680651727
0.10796791194981943
0.12273799731400582
0.1369222202615201
0.15123941625396603
0.16407072385995458
0.17579597677703004
0.18982048827276407
0.202755469794039
0.21533111749501
0.22884483014778442
0.2417984782200096
0.2534646543330155
0.2625137537971922
0.2718884054969723
0.28039145412126804
0.2906880991146691
0.3004801258521662
0.30841954316237336
0.31529282088764615
0.31997155561146373
0.3247276086953423
0.329223764109571
0.33106004352530805
0.33206000877076164
0.3322607983500577
0.3315716271819524
0.32971981970054026
0.32788643389832917
0.32404021894600754
0.320247676120338
0.31481153157665687
0.3078473837141578
0.30061956487715297
0.2920391538399778
0.282810353842129
0.2727822678497838
0.2634459300343502
0.2546318765429731
0.24585749062749657
0.23926484911225412
0.2313898843619342
0.22454882151212763
0.2173570794843684
0.20915714311162423
0.20227030892854825
0.19603888356385635
0.18920561762517915
0.18142028589169917
0.1763390196669985
0.168725096793941
0.16141375318927523
0.1546253559120973
0.14861483926436905
0.13948999691933037
0.1300938517264878
0.12095880517206906
0.1117074408251676
0.10090417574341172
0.09110853526079367
0.08122845719015548
0.07350786878738547
0.0648099206421118
0.05650809385158442
0.04643333843628529
0.03617520480589319
0.025540299979764657
0.015345733310097736
0.0038061330943522614
-0.006311206333879385
-0.017082041922083596
-0.030077343438337453
-0.043563185467242985
-0.05496158066995555
-0.06833213296740774
-0.08075858830822821
-0.09331469993058786
-0.10584222445239229
-0.1192877549855347
-0.13087643216391018
-0.14286026377440977
-0.15720540073927072
-0.16866732500224452
-0.18184721944589435
-0.19538134099284327
-0.20984902182623125
-0.22106764081270702
-0.231785757859131
-0.24373187140531216
-0.25463829128067356
-0.2656738332276692
-0.2756988350560406
-0.28239821820045835
-0.2899092868915966
-0.2963042667775721
-0.30211441622467244
-0.3061067031649912
-0.30812344556834587
-0.3081114861179866
-0.30929953823431705
-0.3085489213613398
-0.3059082362820044
-0.3020299611031728
-0.29907520626172684
-0.29617856550743554
-0.2922070225282133
-0.28879344514062405
-0.284988331055829
-0.28139367260894366
-0.2747487628488831
-0.2692721913952558
-0.2603400723794556
-0.25255825777988605
-0.24634517866085184
-0.23722023161926925
-0.22868182158703643
-0.21813689930849242
-0.2090521986382392
-0.20001715542449933
-0.1892245286752503
-0.17958867463193529
-0.16946485166737862
-0.1598653263409734
-0.14848827295849387
-0.13716303316294184
-0.12608140954255073
-0.11459662986859374
-0.10266782523282691
-0.08934747028483399
-0.07788405549912798
-0.06708989602028742
-0.05748518082280058
-0.047947519828609626
-0.03749317071241577
-0.027717683352121745
-0.01967889350355416
-0.012542701826124292
-0.006867584345527383
0.0008370503137701565
0.007153896454806573
0.012803285214126445
0.01918221848139712
0.025741889945872485
0.0329579094322562
0.04007592087844203
0.0456530915504797
0.05347430924053685
0.05963154637766675
0.06698732959054693
0.07407365313721763
0.07994456169773714
0.0881365871704946
0.09568570177134889
0.10075503619926912
0.10762153419157416
0.1139006715103548
0.11940195222860568
0.1232570961784539
0.12654266981539591
0.13121700046676849
0.13516030674099988
0.14007416283969967
0.14384937970610198
0.14767811365394679
0.15239363318175053
0.15771928362805593
0.15990362241196293
0.16336589672510524
0.1657274054152219
0.16833634151425725
0.17097599412649567
0.1733346230830414
0.17359041674865394
0.17347387199172976
0.17102387628594357
0.1689735466605402
0.16635292174234959
0.16193378038657444
0.15741853666858474
0.15093157839673887
0.1451435578479601
0.13814240546987439
0.13317108438330155
0.1250573204845141
0.11787213143140954
0.1092676013616401
0.10053554129980909
0.09385706885176247
0.08407847289717535
0.0734731652738986
0.06315319331630422
0.05198320299564132
0.04207237178623484
0.03205705336328893
0.0204272310577686
0.008291763705390115
-0.0022715085881645698
-0.013105697028467657
-0.022477266286754026
-0.032760506371092096
-0.042324607201105376
-0.05052809500943273
-0.05769870491791248
-0.0626511900596953
-0.06779780547694343
-0.06969849975352287
-0.07159562304993522
-0.07217399695304672
-0.07269723937724888
-0.07214300399244558
-0.07065351212252712
-0.06982343199269087
-0.06714538427442474
-0.06321721272970657
-0.05878498415368018
-0.055622883850791
-0.04993136910535693
-0.042626078302608304
-0.03617885125682825
-0.02819725879940879
-0.023441692371283077
-0.017446017681292298
-0.010794537743206087
-0.005647928255036974
3.938060990861912e-05
0.004572554827186955
0.00997917904662248
0.013615330043967554
0.017912809276537427
0.022750592386589268
0.02774140198192663
0.03203048485456702
0.03497604191026849
0.03904882246295671
0.04233433328182955
0.045653609818518556
0.048569386420988965
0.0508451426812893
0.0530223626551756
0.05321498056357306
0.055567782254919464
0.056457511733184675
0.05891004882527772
0.05958677960559325
0.05879121577950184
0.05766171649799226
0.05733239456395788
0.05728049638220181
0.05699142487686319
0.05414206622789297
0.052074700079441184
0.04923646607442227
0.04639967589157481
0.0444568460562134
0.0411862683615024
0.038553016994245244
0.0361597181687787
0.03400619118537412
0.03129709460940706
0.03005356890848722
0.027430427164292732
0.024952786210986937
0.02120970498127483
0.01746900173411155
0.01301516493147769
0.007282098761665274
0.0034095122699071665
-0.00025076810768269773
-0.004538798061894531
-0.008857952132528322
-0.011339540976275
-0.013880184362884854
-0.016277254941625255
-0.018812856076720938
-0.021650617026763345
-0.025382657420413
-0.027090435531551018
-0.03037654706430543
-0.034536475646212886
-0.03679231369818503
-0.040280939526798475
-0.0427814345448676
-0.043322093710273964
-0.04573053608055615
-0.0479188230490989
-0.04923108043904126
-0.04822944205406071
-0.04671427477580319
-0.04498316321408394
-0.04288182237818197
-0.04206766541508921
-0.03926122351233775
-0.03481950731905706
-0.030482254563435607
-0.026549714992472027
-0.021793948093304143
-0.016613588944778605
-0.013142242806257079
-0.009244510208932974
-0.005908470325979832
-0.0021252584287500976
0.0014673635839056757
0.003937821036396394
0.007665700193811852
0.011094760022447605
0.013600310781834588
0.015797478114990302
0.01742487184801045
0.02084925660780552
0.023110358748943943
0.026906751497390545
0.029484779062488035
0.03287357558329735
0.035346619580578095
0.03783896323737089
0.04158445654009592
0.042474269995820595
0.043992994147619896
0.04526535053156266
0.04654556478760694
0.04702935188443569
0.0471631937822952
0.04727150514612301
0.04846344592264496
0.04695921473389518
0.046156186792941124
0.045456788400837146
0.04245187929621799
0.040596773092523346
0.03766284050516237
0.033172801189154576
0.029403341307029925
0.02598113536379302
0.020682886270469467
0.013161963517164855
0.008605263439912882
0.003144029448880245
-0.0028682801531453154
-0.008752476767998485
-0.015985057830402587
-0.021080573994501826
-0.02559146928124097
-0.027884025083339502
-0.032221989653078695
-0.03630947093468509
-0.04050437805202731
-0.04453145291435864
-0.04708679266525636
-0.05002265850929439
-0.053735042313923086
-0.05656170108386746
-0.05903745015399891
-0.06118226159404567
-0.06425279675974356
-0.0660413031539792
-0.06759128291619446
-0.06580671154930272
-0.06668457345747723
-0.06779100947578333
-0.06733593940844418
-0.0679849714917741
-0.06817245792931904
-0.07032553343412125
-0.07119013387421706
-0.07191990366667565
-0.07369589409945931
-0.07630877591527858
-0.07812916540860483
-0.08009313759838456
-0.08106323978795087
-0.08329033484842635
-0.08435460562362435
-0.08604649120170049
-0.08822358080710048
-0.0897851119884103
-0.09013592797037055
-0.09128828564538025
-0.09374054976523691
-0.09602239891963628
-0.09811452544742306
-0.09917803473106675
-0.09833942550259729
-0.09711153182414244
-0.09785977281066245
-0.09643343947643643
-0.09449668884977835
-0.09115252442066288
-0.08977728645525061
-0.08875739933495186
-0.08489634122011885
-0.08147280030290659
-0.07757145730720914
-0.0710567741542781
-0.06581460646236056
-0.06027937202704177
-0.05566636620380112
-0.054185458407695
-0.05046192513851239
-0.04549698218180331
-0.040782688694183986
-0.038582011257141266
-0.034813593944755625
-0.032722697273975664
-0.029701956932303018
-0.027452660012195693
-0.024186209951420453
-0.022483344829838613
-0.02200288250606646
-0.021704116192846085
-0.018993764211518237
-0.017353107935325723
-0.014639018023673142
-0.013487487967685528
-0.01419038530455547
-0.01287458271262032
-0.011305448549886915
-0.010747739740310697
-0.009567407753094828
-0.009800608556673132
-0.01043699990332306
-0.01167155450484297
-0.012816562796326763
-0.013940745012514237
-0.012995061986471167
-0.013701922006742221
-0.015765810691837516
-0.01752245219975088
-0.02078352557594099
-0.022657565627278584
-0.02769501443080121
-0.02982565188582264
-0.033311447291279314
-0.037027179984710334
-0.039382498940992175
-0.04262331646307091
-0.046901059942690254
-0.05109012774446975
-0.054810488092036376
-0.0570177438204399
-0.06111805679032687
-0.06399244934613446
-0.06455059901834895
-0.06608443231280729
-0.06853298313572033
-0.06970842424178723
-0.07048503119625583
-0.07245333224064872
-0.07477476980698425
-0.07387432129919486
-0.07381406878311297
-0.07150906275257989
-0.07057905663263485
-0.06893037956877783
-0.06630400716722797
-0.06514814768531599
-0.06254544310785475
-0.05912599143722552
-0.05314614560397402
-0.049559899481591736
-0.044318378652492524
-0.04017018173666253
-0.0331826689515261
-0.026159862600733785
-0.01883182214226899
-0.01232596205192729
-0.00787949450973937
0.0022887920555262307
0.010237147060323347
0.016545914985719112
0.02332362749518543
0.03218013818996223
0.039865665231489156
0.04865402988469153
0.05807458657249438
0.06827053332035968
0.08037107202148007
0.09145833272256357
0.10263664835548673
0.1144011783789073
0.12770548962528908
0.14021571292422452
0.15264505833642547
0.16260877921574893
0.1737906891551275
0.18336514981954807
0.1966295338141611
0.2076656121191137
0.2180502640960947
0.22764707217196903
0.23761678812783893
0.2485667509644486
0.25943282213762475
0.26911505443399913
0.2768121388099904
0.2828959991661867
0.28693349963742604
0.290824759166536
0.2925761904722744
0.2926225755065149
0.2928241878487877
0.28751502896282377
0.28346247397348817
0.2780270479089927
0.2730070628611768
0.2654633215358353
0.2566949060451451
0.2472137728566372
0.2380269514230714
0.2291114811075497
0.2148143991791502
0.20247626130512142
0.18926345109881548
0.17489356813368198
0.1600772302140576
0.14571610428698875
0.13019656622727135
0.11580467830224644
0.0984282486069622
0.08305290486112284
0.06703554934506185
0.052042649393409725
0.035580230517752096
0.017959508187155162
0.001722618204525401
-0.014988402879938757
-0.030077567068892946
-0.04668555461844557
-0.06292653942692525
-0.07935347892975018
-0.0953551624998208
-0.10893853558757301
-0.12198717537472079
-0.13562224455869729
-0.14810733743333154
-0.161594045354505
-0.17185990463965478
-0.18418401587139677
-0.19451010059596005
-0.20545021070136313
-0.21496868809485695
-0.22326759964869
-0.23051461693257286
-0.2382322412409768
-0.24631498379558625
-0.2527299612946836
-0.2587181751975937
-0.2657062292565406
-0.2706505647425813
-0.27823405342883745
-0.2849713130572394
-0.29138979136491877
-0.29644238726569533
-0.30219787919049584
-0.30701000892688357
-0.3102369843568324
-0.31424469708032726
-0.3165140918998454
-0.3169616125718422
-0.3180874099666226
-0.3171074636857346
-0.3140600216999322
-0.3094872613185737
-0.3037942141527045
-0.2959855213646336
-0.28825994400524696
-0.2821966146287119
-0.27286636846415785
-0.2633911202003222
-0.25055802036020847
-0.23796416656666386
-0.22822791523298852
-0.21740600049735542
-0.20762717673163536
-0.1947457802344633
-0.17906144055181497
-0.16797046904671586
-0.15503290524356128
-0.1410137609162887
-0.126027845685483
-0.11106375632709363
-0.09681559093399987
-0.08143353536487358
-0.06586804493574185
-0.0490407912318929
-0.03136540239704791
-0.014487386208561812
0.004783048607128923
0.02258414797028511
0.040632999404525326
0.0604230084008979
0.08046017125705077
0.10184131648029268
0.12414536342145632
0.14481129451798908
0.16514009422792247
0.18683666754781292
0.20624047709260476
0.2253022872799899
0.24377046008293518
0.26044015906438434
0.2756555862463988
0.2894767353745453
0.3028946157235485
0.3144801079812434
0.32494809003703407
0.3357781565064219
0.34375395225169164
0.3521495259578523
0.359232983956535
0.3646971175098728
0.3682480794013768
0.371051259885312
0.3749403504112699
0.37884764028910956
0.3803581850433554
0.38083219079152336
0.3817687987431448
0.3806935482144867
0.3807323026379068
0.37737572662662555
0.37468859345115085
0.3696374125304383
0.36479291446778095
0.35958579043878003
0.35318058638623856
0.34561290615568774
0.3380501934277913
0.3302828814027761
0.32135068424531255
0.3124410429005443
0.3057605833642378
0.29762827891718885
0.2886237769681976
0.2789851400488472
0.26905767304814987
0.25773225682673057
0.24844935671261775
0.24050051840919098
0.23271667141927624
0.2241304283971711
0.21595040857283382
0.20841986809742463
0.19968688705826823
0.19058754716969645
0.17965505771473364
0.17004196357694584
0.1617219187302408
0.15193187191958024
0.14094406470169796
0.13143365969942034
0.12020045852170576
0.10944084864889835
0.09546296736555354
0.08165524210954374
0.06915798109070159
0.05403478179514051
0.04023723792739828
0.02310534813467475
0.00722500718238417
-0.007805657770321708
-0.022097767900284962
-0.0383915366509924
-0.05310607575327074
-0.07081384678250516
-0.08980437505682622
-0.1065591131973453
-0.12372865923934344
-0.1393338698458102
-0.15569526955333515
-0.17305568884071995
-0.18796214846910317
-0.2025024156238218
-0.21691266801105982
-0.23075704496740063
-0.2453040678080745
-0.25829597978754915
-0.26986102812320906
-0.2838881035736851
-0.2963817400396978
-0.3045563405342466
-0.3145398426574191
-0.32425444689861976
-0.33158897996536346
-0.34008111323965223
-0.3488425581020351
-0.3572396761155206
-0.36284874729904437
-0.3665746961403508
-0.37019913711288926
-0.37161390157649493
-0.3715347616201808
-0.3702519928249667
-0.3650594105026479
-0.3591352198441323
-0.3512439875794296
-0.34282922781331365
-0.3342359678325731
-0.32315546516599675
-0.31295920207622197
-0.3024809205343304
-0.29110388311755225
-0.2802862589380066
-0.2674851230778484
-0.25675223315187573
-0.24501126500723408
-0.23477173864738868
-0.22437681443946456
-0.21489983120934847
-0.20549730321072598
-0.1941107639100718
-0.18490077484787826
-0.17501840624246867
-0.16850513184243895
-0.16178709713507186
-0.15402216390756293
-0.14480026482730665
-0.13909216564319207
-0.13442561827424346
-0.12629249805099596
-0.12103291596071028
-0.116552008253499
-0.10979539375542921
-0.10320514812364813
-0.09824626912093169
-0.09190472906660045
-0.08502719141501856
-0.07836760531995643
-0.07192242505867909
-0.06386257754972807
-0.05955809132952691
-0.05440072443140264
-0.052581766785154985
-0.049486536453812374
-0.047546543965217694
-0.04579307943324646
-0.0438535177301895
-0.04287750441219442
-0.04100967752581422
-0.04215725920815279
-0.04062150007061088
-0.039795921853651786
-0.03581398508137418
-0.035745263660873085
-0.034641467050662574
-0.03224757783027019
-0.029966313143048318
-0.026911297680391133
-0.02223296243339372
-0.01630236469309596
-0.013233867581376233
-0.008205111731615082
-0.0030222398591933704
0.0023568905328651573
0.006029498929724567
0.012042847252645345
0.016556124189444847
0.0199851773897349
0.024615687264641015
0.02968086466363771
0.03296192478684029
0.03781662643687226
0.04116280945349621
0.04339366024216388
0.04658818900138688
0.04719658727478902
0.04711767137809898
0.04984371756398215
0.05162455626692755
0.050836486575381604
0.04901878237003871
0.04716836399268123
0.04435000209562702
0.04361717600420152
0.04206280868215595
0.03843419308147572
0.0353455178903129
0.031841391934433534
0.028815170280479818
0.02401148362871711
0.01840699629091628
0.014859532640497669
0.009013852867878376
0.0036398909180314267
-0.0017183179419481686
-0.009633678142354964
-0.015199293506047812
-0.01996070032720791
-0.027660890982093456
-0.03240791159366461
-0.03726654998112736
-0.04144873469408458
-0.04481366289479947
-0.047001537536317584
-0.04914949309798671
-0.051692785291354806
-0.05118318752528283
-0.05021756894295538
-0.0482940039549542
-0.04701423547561559
-0.042665517846196106
-0.03902431843298915
-0.03379774736367771
-0.02766551113678881
-0.02137491381630781
-0.012810147812607784
-0.0036338469536701897
0.0027132777740494283
0.010470675555273052
0.018026447721035822
0.02791879887710678
0.03836801208732061
0.04782955311764811
0.05675024242239573
0.06297689325557632
0.07097822380220269
0.07870500689899239
0.08461461822205871
0.09108549000105202
0.09737179442868082
0.10209549831886229
0.10643432223840049
0.11083883242333796
0.11643327648082927
0.12138352203710563
0.12696124017239666
0.13119810291781067
0.13496287945728164
0.13905554570611559
0.14252969324882928
0.14801682837037777
0.15193269690158964
0.1566708878173423
0.16026397937515774
0.16312448765355858
0.1680831043134011
0.17026303471996396
0.1695684752813609
0.17014419020640886
0.1703822235509652
0.16816836009793593
0.16902177845996844
0.16718821679820384
0.1649833288513686
0.1612405057269879
0.15892984201209598
0.15261575446154457
0.14669955040043173
0.1407808478022784
0.13563150732046778
0.12893800751172085
0.12107925240362132
0.11338960032886354
0.10507465182194363
0.09940122807392432
0.09374769635075143
0.08574387257425824
0.07830091891369884
0.07200225269520774
0.06678325104748721
0.06267335035940606
0.057815454690439916
0.052326839772273134
0.04769118308636167
0.04548565674956004
0.04265859832264072
0.03996832568385689
0.03836184752606215
0.03678777841078471
0.03671220622089143
0.03663164203653037
0.038323319420105535
0.037474892187051474
0.037640126219733776
0.036663946232291925
0.0372115197607004
0.03835496729718046
0.03836340727164562
0.0398419129367387
0.041397896385947056
0.042497825297468914
0.04414917105663826
0.046777216604119584
0.048617811992155556
0.0511258480918121
0.054226044743147135
0.05814387878523326
0.05997207787028782
0.0639994098560987
0.06829891155474631
0.07327269753724946
0.07812673041214316
0.0843520399768549
0.0896689459190941
0.09571837940343164
0.09821185867341728
0.10155542089114439
0.10517466536070749
0.1087194857152605
0.1124473788295428
0.11402034906774067
0.11421880529124745
0.11633010648236475
0.118037725943656
0.11855812969461735
0.11840499260683168
0.11675170682672888
0.114895798930567
0.11218613342231255
0.10970171842269674
0.10535331355109487
0.09902945396423044
0.09243100800606675
0.08382401945265469
0.07518745143065472
0.06552157521950121
0.053959154017015676
0.04281192752829451
0.03045130346765522
0.018385175003585344
0.005065479961698206
-0.008661308813390046
-0.022169261378249653
-0.034568042422003155
-0.04526587908697242
-0.058262332318477016
-0.07180715963623757
-0.08360757383313497
-0.09578422741539322
-0.10749625577646002
-0.11853896157722778
-0.12962992199759762
-0.14121264068395004
-0.15210440613625573
-0.1629912391975795
-0.17252786380529211
-0.17950153954820447
-0.18773765647184767
-0.19765800393847574
-0.20606972941465948
-0.21409960253226873
-0.22052374126590096
-0.22710165241886093
-0.23410673205191496
-0.2394147030169373
-0.24595562072552404
-0.2513109592759329
-0.2584353459146811
-0.263469387102871
-0.2686532899778632
-0.2736757333261531
-0.2786515036697494
-0.2815454053934288
-0.28414524416051723
-0.28465499218223544
-0.28649092527235903
-0.2891843480260602
-0.2903230801985256
-0.2911500713010056
-0.29111925240750847
-0.29146073868127825
-0.29103379308081984
-0.29033809782967407
-0.28848664571706684
-0.28478928065605186
-0.28156040089781204
-0.27958376285074
-0.275846980373264
-0.2712943001389689
-0.26622727463480406
-0.2636136633458948
-0.25755519170381685
-0.2501942534286832
-0.24371102662331548
-0.23595859323682383
-0.22789811580414157
-0.2195238654168793
-0.21021067508006516
-0.20309237486649281
-0.19588321241735682
-0.18762416452083464
-0.18004881777472473
-0.17196091430762378
-0.1633880583329299
-0.15624252594230464
-0.14601488052525813
-0.13611401459594769
-0.12593391207232785
-0.11635884632191672
-0.1055654897972657
-0.09285817234681297
-0.08163656310702677
-0.07111186128761382
-0.06062841545424377
-0.05089896622500242
-0.04171769256341062
-0.030445923765986052
-0.021310279885013862
-0.012143663758561456
-0.003598239681656269
0.003272834839379242
0.010467752606840986
0.017192798334405752
0.02368608992725664
0.029291262802322332
0.03491598849309551
0.040157347956700756
0.044477746765127696
0.04917984013477249
0.05391736939789873
0.058488666127505876
0.06373157433956612
0.06516020252960797
0.06967696203231932
0.07293477915062756
0.07732445426074885
0.07896144984785665
0.07921596376912937
0.08038136883866433
0.08164672445508551
0.08118861385325515
0.0810976982750815
0.08117846822035732
0.08159714980849649
0.0814918869382721
0.07952595063610389
0.07769353492166148
0.07624838817195553
0.07321351668278603
0.0692649199084732
0.06460773258173157
0.05919249509387274
0.053291980988535485
0.0469853049767321
0.044825004674533306
0.03940215524267006
0.03425120204481863
0.030076761420642025
0.025982707400545143
0.02290206867214796
0.019174925680883467
0.01502318377780476
0.011623904652849473
0.006321658730233889
0.003473321089891115
0.0016899537688812975
0.0005751252456443089
0.0007502146217935999
0.0014268299814762218
0.0012504955021597818
0.0010762431293610544
0.004632711092726687
0.007193730042567111
0.01234106233769527
0.016956222610384045
0.024175839177098427
0.033538586037778685
0.04476517462833239
0.05775257386123746
0.07204581978981894
0.08715129620826091
0.10411858424405224
0.12157410844629518
0.14093815911468943
0.16012374815389774
0.17959546955866867
0.19905904493250445
0.22044460144640007
0.24257181483191678
0.26648907369723
0.29042157180535216
0.3119460972173273
0.3338679296036192
0.3558190299476021
0.37804492817013613
0.4029616301042243
0.42740935170780164
0.450323652888675
0.47388785560997054
0.4991709489744977
0.5226069004445831
0.546647692987191
0.5698346116258403
0.5904355945662593
0.6112011690680802
0.6322906395801156
0.6537419817512485
0.6733711201876178
0.6907489695340474
0.7025538183746108
0.7167879318762259
0.7314506477643634
