0.7223715295359869
0.7195742967030245
0.7128867633212819
0.7025078681283035
0.6887365276736772
0.6719525410294751
0.6525930003085462
0.6311259559226018
0.6080232571879183
0.5837345053978132
0.5586639192146412
0.533151635628663
0.507460579819028
0.4817695691858264
0.4561728116236456
0.4306854589455003
0.40525442471087497
0.37977330771519757
0.35410000583388745
0.3280754769429664
0.30154210959036826
0.2743602993573641
0.24642206986064663
0.2176609035386851
0.1880573239112036
0.15764016202987086
0.12648380985201835
0.09470208039852684
0.062439533375197434
0.029861268566378028
-0.0028577693563712567
-0.03554298901949841
-0.06802901317185259
-0.10016657431787326
-0.13182707183367046
-0.16290468573387296
-0.19331619695640237
-0.22299888012115834
-0.25190699271021905
-0.28000747209221555
-0.3072754643792289
-0.33369025050106066
-0.359232016250687
-0.38387975146688813
-0.4076103799356608
-0.4303990384768433
-0.4522202625368692
-0.4730497146677687
-0.49286602461313983
-0.5116523019651223
-0.5293969340916203
-0.5460933860068661
-0.5617388618981998
-0.5763318525824626
-0.5898687593255065
-0.6023399321520193
-0.6137255720123544
-0.6239920070309947
-0.6330888552022943
-0.6409475275022491
-0.6474814113641304
-0.6525879159670637
-0.6561523740207513
-0.6580535992631523
-0.6581707155751818
-0.6563907223896289
-0.6526161588205964
-0.6467721877037926
-0.6388124463958686
-0.6287231027774779
-0.6165247046829482
-0.6022716051159507
-0.5860489655777603
-0.5679675642523575
-0.5481568425768228
-0.5267567923182415
-0.50390939872784
-0.4797504020252039
-0.4544021142708609
-0.42796793355208224
-0.4005290411457673
-0.3721435647551667
-0.3428482614122092
-0.3126625391945034
-0.28159441998412016
-0.24964786679800663
-0.216830775665969
-0.18316287510904192
-0.14868279093531395
-0.11345361830263065
-0.07756648805108944
-0.04114180562148047
-0.004328059554718914
0.03270167871704037
0.06975523296636449
0.10662827365005147
0.14311211609018423
0.17900167879216505
0.2141029222640975
0.24823916032435756
0.2812557637563607
0.31302294645609463
0.34343651915231854
0.3724166954966232
0.3999052198763949
0.42586123767164674
0.4502564325262766
0.4730700022809504
0.49428403219004086
0.5138797537554756
0.5318350585709343
0.5481234824069012
0.5627147021766241
0.5755764158061881
0.5866773204897325
0.5959907842939879
0.6034987317764196
0.6091952434243252
0.6130894028835933
0.6152070109483448
0.6155909116853077
0.614299830185235
0.6114057867862697
0.6069903116398947
0.6011398193643442
0.5939406018895113
0.5854739480020432
0.5758118950862446
0.5650140621781736
0.553125909251757
0.5401786260921703
0.5261906894752668
0.5111709563336297
0.4951230005113269
0.4780502678922571
0.4599615327371736
0.44087609653613813
0.4208281841319202
0.3998700594107463
0.3780734982632405
0.35552940885110046
0.3323455639113027
0.30864259014296536
0.284548528365493
0.2601924189667121
0.23569746673386538
0.21117438801741303
0.1867155367184131
0.1623903444773909
0.13824250048632006
0.11428914789400749
0.0905222006771769
0.06691170309295946
0.04341097999770149
0.01996317601714714
-0.0034913320429316064
-0.02700723250078487
-0.050626884764671046
-0.07437379727526844
-0.09824745794728604
-0.12221987634807431
-0.14623404901295456
-0.17020439890720584
-0.19401908179020447
-0.21754391009009288
-0.2406275308251918
-0.2631074170182936
-0.2848161970612869
-0.3055878545933042
-0.32526337959383944
-0.34369553290593596
-0.3607524918322518
-0.37632026255439094
-0.3903038640699179
-0.402627396843676
-0.41323319778745576
-0.4220803443694993
-0.4291428005435668
-0.43440749502932563
-0.43787259075101603
-0.43954614823977434
-0.4394453129483501
-0.4375960754045441
-0.4340335729465668
-0.42880283082027815
-0.421959785600292
-0.4135724000526669
-0.40372166802473197
-0.3925023204616663
-0.38002307650416134
-0.3664063320868993
-0.35178723639012477
-0.33631216707410894
-0.32013667172201665
-0.3034229894295206
-0.28633729854252893
-0.2690468515505458
-0.2517171555487688
-0.23450933797341372
-0.21757780574981045
-0.20106826615318515
-0.18511613489135786
-0.16984531659488836
-0.15536730991710274
-0.1417805675732182
-0.1291700331303079
-0.11760678168555441
-0.10714770944079428
-0.09783524469237342
-0.0896970857604663
-0.0827460049978784
-0.07697978721321817
-0.07238139104216569
-0.06891942943959359
-0.06654905843407749
-0.06521334120846158
-0.06484511889160864
-0.0653693733212928
-0.06670601502272294
-0.068772977235642
-0.07148944987249582
-0.07477905139647571
-0.07857271649731297
-0.0828110764425629
-0.08744612863077501
-0.09244203170327603
-0.09777492009725645
-0.10343170282867253
-0.10940788980885617
-0.1157045684227188
-0.12232472641897481
-0.12926917772259813
-0.13653238989418232
-0.14409853146720195
-0.15193805204891592
-0.1600050777706623
-0.16823585147751374
-0.1765483749987661
-0.18484332560814062
-0.1930062271555023
-0.20091076564063687
-0.20842305639482112
-0.21540660198960973
-0.22172763167477988
-0.22726048803067816
-0.23189272611939926
-0.23552961421468088
-0.23809777072942406
-0.23954773512484343
-0.23985534599743716
-0.23902188105716435
-0.23707299497078624
-0.2340565660058679
-0.23003962583618137
-0.22510459471681465
-0.2193450739293535
-0.21286145794382227
-0.20575662072269307
-0.1981319059941391
-0.19008361328380344
-0.1817001239513981
-0.173059758771198
-0.16422940507331457
-0.15526390111825664
-0.14620612154359733
-0.13708767285417084
-0.1279300834856427
-0.11874635940103583
-0.10954277298873621
-0.1003207589426979
-0.09107880397162343
-0.08181423542077848
-0.07252483492535486
-0.06321022490906984
-0.053872996273351174
-0.04451956361228969
-0.035160748867794904
-0.025812105153541202
-0.016493999634442463
-0.007231478329345923
0.0019460627647240845
0.01100537590613886
0.019910005735309034
0.028621056753849856
0.03709806209602516
0.04529993129641116
0.05318595377828852
0.060716833252225946
0.06785572647207311
0.07456925828150265
0.08082848404277626
0.08660977074948908
0.09189556964085484
0.0966750560469183
0.10094461641499344
0.10470816774424518
0.10797730060238699
0.11077124304902101
0.11311664865657423
0.115047216955679
0.11660315868752481
0.11783052101095971
0.11878038923989304
0.11950798189684188
0.12007165513065371
0.12053183124414195
0.12094986465892268
0.1213868575665399
0.12190243718328507
0.12255350724455283
0.1233929883027228
0.12446856451998004
0.12582145878596565
0.1274852627844574
0.1294848535893596
0.13183543289783287
0.1345417284739227
0.13759739916090305
0.1409846843796547
0.14467433594611695
0.14862586406775108
0.1527881204770025
0.1571002300120253
0.16149286797098897
0.16588986486820362
0.17021010361519975
0.17436965758772482
0.17828410256008678
0.18187092215877698
0.18505191633482207
0.1877555162944851
0.18991890809594658
0.19148987120508212
0.1924282478959521
0.1927069743290172
0.1923126239259188
0.19124543740211244
0.18951884029526742
0.18715847652623263
0.18420081372785382
0.180691400944734
0.17668288002919263
0.1722328669725426
0.16740182714458787
0.16225106802032319
0.15684096403872475
0.15122951096838072
0.1454712824061516
0.1396168303067948
0.13371253680439363
0.12780088856039798
0.12192111025269285
0.11611006346242114
0.11040329380198657
0.10483609492419166
0.09944445468272045
0.0942657569753125
0.08933913253708742
0.08470538200377874
0.08040643280796603
0.07648433494155159
0.07297984572309717
0.06993069651419337
0.06736967088971389
0.06532265048392916
0.06380679870172852
0.06282905179190156
0.06238507074351942
0.062458776758441796
0.0630225497104784
0.06403811631349848
0.06545809698832429
0.0672281226113285
0.06928937965921457
0.07158139972187327
0.07404488122967541
0.07662432069985978
0.079270239548563
0.08194082055168331
0.08460281361896684
0.08723163024805543
0.08981061500096947
0.09232955471441594
0.094782555508592
0.09716547763239441
0.09947316304563937
0.10169671584656526
0.10382109830722087
0.10582328444987822
0.10767116997052523
0.10932337514837683
0.11073000126296233
0.11183431747598102
0.11257527147894693
0.11289064100933663
0.11272058164896015
0.11201128502853396
0.11071844482868043
0.1088102377912203
0.10626956295088215
0.10309534168324137
0.09930275896965557
0.09492241576717302
0.08999845562994299
0.08458581738688169
0.0787468416738102
0.07254751544076114
0.06605366992190173
0.05932745091394348
0.052424355047258536
0.045391074154957224
0.03826431639620413
0.031070684061440323
0.023827592015691026
0.016545116267580963
0.009228577830834101
0.001881600610183075
-0.00549066039904639
-0.012878438860359812
-0.020264728397673855
-0.02762336656733067
-0.03491802627525576
-0.042102225389353556
-0.04912037140110539
-0.05590976293053393
-0.06240338243310059
-0.0685332426980328
-0.07423400016862024
-0.07944652520098819
-0.08412112502706504
-0.08822014863409776
-0.09171976065529211
-0.09461074806106208
-0.0968983116116762
-0.09860088533823931
-0.09974811321183646
-0.10037818469799524
-0.10053478348704119
-0.10026393171743465
-0.09961101322929523
-0.09861823412785375
-0.09732273003533834
-0.09575546190073672
-0.09394096284600174
-0.09189791500398013
-0.08964045566196883
-0.08718004377271646
-0.08452766731924392
-0.08169614360422701
-0.07870226055764727
-0.07556852751142934
-0.07232434613891045
-0.06900647190978053
-0.06565870739806852
-0.06233084407112662
-0.05907694148923318
-0.05595309531559457
-0.05301489243397227
-0.050314778686911234
-0.047899570163483
-0.04580832261026481
-0.044070737529503946
-0.04270623180651625
-0.041723735607687294
-0.041122216975098325
-0.04089186738255384
-0.0410158264554787
-0.04147228104827557
-0.0422367474302766
-0.04328433723557345
-0.04459181802120943
-0.04613930593020668
-0.04791146774272954
-0.04989815808552739
-0.05209446971083051
-0.054500225432985785
-0.0571189848577868
-0.05995667369558458
-0.06301996570073347
-0.0663145560513148
-0.06984346066810913
-0.07360546030225934
-0.0775937839972075
-0.08179509724241937
-0.08618882952727903
-0.09074684762060467
-0.09543345768878851
-0.10020570334408423
-0.1050139187803931
-0.10980249602109471
-0.11451083159127769
-0.11907442838062085
-0.12342614028128936
-0.12749755741189214
-0.13122053567571323
-0.13452887399088756
-0.1373601346591494
-0.1396575870325908
-0.14137223310999522
-0.14246484825822817
-0.1429079440857116
-0.14268753728372008
-0.14180459177172836
-0.14027599513473413
-0.13813493670723456
-0.13543057513858045
-0.1322269178251534
-0.1286008816243291
-0.12463956068905001
-0.12043678872411752
-0.11608914420714753
-0.11169160245867499
-0.10733308233545043
-0.10309216289611291
-0.09903325299231813
-0.09520348233679055
-0.09163054605354096
-0.08832167787793124
-0.08526385379793021
-0.08242524338629341
-0.07975783692050056
-0.07720108979424428
-0.07468634884607586
-0.07214176456230534
-0.06949735389434702
-0.06668986416956028
-0.06366710070580885
-0.06039141848963443
-0.05684213872016526
-0.05301672933182204
-0.04893067849274481
-0.04461608432210487
-0.040119075188542644
-0.03549625582929827
-0.030810439036918526
-0.026125966167847847
-0.021503939470137068
-0.01699768449604777
-0.01264873300368751
-0.008483568970295337
-0.004511317363414663
-0.000722482907046998
0.0029112295183828366
0.00643605384232844
0.009914366306714868
0.01342210996370539
0.017045632053869504
0.020878144343426695
0.025016017716600357
0.029555108303010214
0.034587286119329035
0.04019730239385578
0.046460092582315905
0.05343857266815061
0.06118195028681182
0.06972454232228278
0.07908506865565837
0.08926637832364996
0.10025555899179019
0.11202438194467217
0.12453004064361368
0.13771614884410738
0.15151397184001816
0.16584386947784244
0.18061693064424417
0.19573677526166927
0.2111014916127806
0.22660566510135705
0.24214244111527825
0.2576055517438697
0.27289122616130046
0.2878998998188835
0.3025376400241511
0.3167172161140085
0.3303587614087062
0.34339000059561253
0.3557460482759638
0.36736881940787874
0.37820612699513756
0.38821057304148404
0.3973383620665994
0.4055481794096058
0.41280027701728106
0.41905589642742447
0.42427713249199633
0.4284273036382044
0.431471847963628
0.4333797130355189
0.43412515542352986
0.43368981851869143
0.43206491868164826
0.4292533442021125
0.42527146190418874
0.4201504341368868
0.4139368744646056
0.40669271216336184
0.3984941906963517
0.3894299894929616
0.3795985264858085
0.3691045653925511
0.3580553110905458
0.34655622354040727
0.3347068114213653
0.32259667809796194
0.3103020834452297
0.2978832557867556
0.28538264075591313
0.2728242117583876
0.2602138945602704
0.247541081812993
0.234781137864064
0.22189872567610144
0.2088517311951061
0.19559552020718038
0.1820872414549659
0.16828988892490845
0.15417585558585523
0.13972974877846497
0.12495029091114132
0.1098511940315495
0.09446096840544961
0.07882169828926304
0.06298688751488551
0.04701853861016999
0.03098367798332633
0.01495057321367488
-0.001015095127377576
-0.016853846070185422
-0.0325155527279043
-0.04796193011852874
-0.06316819456656389
-0.07812378913316077
-0.0928321313054483
-0.10730940246539311
-0.12158245944388674
-0.13568600302716047
-0.1496591834029759
-0.16354185566524118
-0.17737071788045805
-0.19117556896215573
-0.20497591368956036
-0.21877811849496553
-0.23257328577623007
-0.24633596880305933
-0.26002379666872155
-0.2735780224731424
-0.28692495149611985
-0.29997815302719355
-0.3126413130657973
-0.3248115482065388
-0.3363829760222145
-0.3472503257644671
-0.35731237598119603
-0.36647502253882586
-0.3746538104309021
-0.3817758036461279
-0.3877807164586132
-0.39262128336407043
-0.3962628996866661
-0.3986826166497614
-0.399867619614464
-0.39981335285582925
-0.39852147599187066
-0.39599784427039886
-0.39225069672466956
-0.3872892132931062
-0.3811225661042283
-0.37375954407290096
-0.36520877742882424
-0.3554795340862737
-0.34458300739911296
-0.33253396923773126
-0.31935262738547765
-0.30506650504896105
-0.28971215475157064
-0.2733365296605376
-0.2559978617165701
-0.23776593566966397
-0.21872169796004312
-0.198956195082946
-0.17856889284172658
-0.15766548078010406
-0.13635531043702148
-0.11474864794025232
-0.09295393796993444
-0.07107527574103595
-0.0492102663228704
-0.02744841778982939
-0.005870169222762747
0.015453399561884735
0.03646018771733692
0.05709609047414187
0.07731353216287688
0.0970696734798186
0.11632447690640921
0.13503882332526673
0.15317286482336923
0.1706847742537887
0.1875300136293995
0.2036611943914833
0.21902854750691292
0.23358096518772054
0.2472675238385167
0.2600393542553476
0.27185169393126085
0.2826659402074875
0.2924515231861711
0.30118743353838784
0.3088632708964765
0.3154797204360976
0.32104841457434513
0.3255911888796674
0.32913879158112147
0.3317291500206574
0.33340533122781224
0.33421335473416275
0.33420002224858747
0.3334109207010229
0.33188873358606175
0.3296719628495839
0.3267941230609952
0.32328342521805703
0.319162923398707
0.31445105761295655
0.3091624941141961
0.30330914278284554
0.29690122164238736
0.28994824160620325
0.28245979952944145
0.2744460928488828
0.26591810197574006
0.25688742400851283
0.24736577981537122
0.23736425268512573
0.22689234747365236
0.21595698196296112
0.20456153524404466
0.19270508043500773
0.18038192093793726
0.16758153153341906
0.15428897942487776
0.14048586792251916
0.1261518091771668
0.11126639474468604
0.09581159622702486
0.07977449502000149
0.06315021218645839
0.0459448881422602
0.028178548231492195
0.009887684991403715
-0.008872608805021094
-0.028027110497741103
-0.047479675640274
-0.06711329097212049
-0.0867910455596194
-0.10635805405898094
-0.1256443224819532
-0.1444685005769574
-0.16264241778043598
-0.17997625371892845
-0.19628415177263567
-0.2113900477478542
-0.22513345782131414
-0.23737495310113993
-0.24800104460294245
-0.25692821386945136
-0.26410585184599666
-0.2695179120072673
-0.27318314206772604
-0.27515382967495544
-0.27551307788523305
-0.2743707114960046
-0.2718580001639571
-0.2681214628609046
-0.26331608470130907
-0.25759832596839916
-0.25111932957276045
-0.24401873380752645
-0.23641947042311243
-0.22842387400810615
-0.2201113498070331
-0.2115377478637416
-0.20273647802035394
-0.1937212805385715
-0.18449044955613023
-0.17503220011053333
-0.16533078246073812
-0.15537288715643874
-0.1451538561771023
-0.13468322259527588
-0.1239891440462514
-0.11312137144047318
-0.10215249876524331
-0.09117736504529463
-0.08031061629651275
-0.06968257322540854
-0.059433678820374966
-0.04970790874917353
-0.04064560793910775
-0.03237626234436724
-0.0250117218932992
-0.018640358216780558
-0.013322571405875958
-0.009087959133146464
-0.005934336953675803
-0.0038286603428412404
-0.0027097579896519057
-0.002492653198599618
-0.003074136379172655
-0.004339165346389959
-0.006167618027966145
-0.008440907843192324
-0.011047996034838484
-0.01389039501459946
-0.016885846862178006
-0.01997047365102261
-0.023099321721587747
-0.02624534998079182
-0.029397032390130043
-0.032554847520000395
-0.035727005565591725
-0.038924809995259095
-0.04215806418300308
-0.045430912970407474
-0.048738457897190356
-0.05206440808252871
-0.05537993362251232
-0.05864378335512296
-0.06180362290816977
-0.06479845079810409
-0.06756186770738903
-0.07002591304733491
-0.0721251475658173
-0.07380065282435441
-0.07500363722679249
-0.0756983811152311
-0.07586431558786565
-0.07549710510585031
-0.07460868582996535
-0.07322629299347633
-0.07139058495002995
-0.06915303328291666
-0.0665727933609742
-0.06371329546672987
-0.06063880235384196
-0.057411165765334116
-0.05408698451287642
-0.05071532380913993
-0.04733610406398771
-0.04397921203927339
-0.04066433274314216
-0.037401450878097396
-0.034191929378685794
-0.031030041909891958
-0.02790481735754387
-0.02480204743759223
-0.021706312706196395
-0.0186028957984257
-0.015479471447420333
-0.012327488251014191
-0.0091431847627954
-0.005928210014791883
-0.0026898441538072172
0.000559162872082977
0.0038010985207887257
0.007014091007299366
0.01017314962979276
0.013251377287938433
0.01622128795209663
0.0190561618515337
0.021731373020819084
0.024225627138557432
0.026522052085756916
0.028609089326872367
0.03048114122527656
0.03213893798631335
0.033589598307276196
0.03484637012884098
0.03592805205325698
0.03685811168758932
0.03766353376370987
0.038373447486269446
0.039017598054175234
0.039624740455989085
0.04022104321756988
0.04082859467303074
0.041464103690097814
0.04213788013234044
0.04285316766108086
0.04360588323752806
0.04438479483150256
0.0451721427520055
0.04594468238584325
0.04667509885190752
0.047333719074268414
0.04789042584597974
0.04831666312373323
0.048587413190639646
0.048683025096233325
0.04859078004851361
0.048306092787650454
0.047833267534412624
0.047185751606299314
0.0463858576789153
0.045463955234641654
0.04445716125505166
0.043407588039784104
0.042360230724214756
0.041360597430183485
0.04045220012612144
0.039674033609934344
0.039058173270166335
0.03862761940041115
0.038394507035159384
0.03835878592127915
0.038507455868868834
0.03881441899890339
0.03924098310709899
0.03973702040707119
0.040242754354105126
0.040691115289619405
0.041010574644270624
0.041128338891768965
0.040973759948480196
0.04048179988477695
0.03959637619781999
0.03827341083984043
0.0364834127127611
0.03421343996510802
0.031468315095670926
0.028271001821478653
0.024662096408283006
0.020698435470384625
0.016450874268201923
0.012001340930131303
0.007439319203842069
0.002857951713439611
-0.0016500160169228223
-0.005996215985761299
-0.010100328813403583
-0.013893228989573129
-0.01731942064531364
-0.020338626946138118
-0.02292645368967223
-0.025074111872926106
-0.026787250076567234
-0.028084010351407944
-0.028992475820175886
-0.0295477198830246
-0.029788692137137196
-0.029755182582163774
-0.029485092620186563
-0.029012209670432488
-0.028364634437212873
-0.027563949981180454
-0.026625154870047286
-0.02555731464680738
-0.024364822661125746
-0.02304910861718566
-0.021610595772617557
-0.020050689014925523
-0.018373577802406824
-0.01658766007318061
-0.014706433695510784
-0.012748757118819837
-0.010738445443405261
-0.008703236069963696
-0.006673222948043691
-0.004678913972901696
-0.0027491068628701133
-0.0009088008151522324
0.0008226379270942879
0.002432859073637647
0.00391730264533447
0.005279263856165932
0.006529214876301212
0.0076834215148996665
0.008761962198209365
0.009786316927726062
0.010776739297172613
0.01174965060876294
0.012715298959170696
0.013675907258503588
0.0146244940651481
0.015544493463771519
0.016410230283221673
0.017188231245539837
0.01783927823702829
0.01832104377493318
0.01859109711030494
0.01861003708018487
0.01834449777263631
0.017769786126813243
0.016871945365581273
0.015649091171553435
0.014111933545599458
0.012283469877971643
0.010197906871433616
0.007898933645685191
0.005437519477959877
0.0028694424563131464
0.00025276697316742856
-0.0023545222402309414
-0.004896552427443394
-0.007321131726435692
-0.00958078382016752
-0.011633241369237183
-0.013441453327818556
-0.014973214704899134
-0.016200566408169432
-0.017099133231423244
-0.01764756753651043
-0.017827244701290153
-0.0176223161940383
-0.0170201715025698
-0.01601229705583694
-0.014595455747561784
-0.012773052069309463
-0.010556502129515734
-0.007966400767908312
-0.005033273578977823
-0.0017977216921700673
0.0016901891182412474
0.005372379241898999
0.009185051064598961
0.013061748083200141
0.01693700938375111
0.020750374737616865
0.024450436257080158
0.02799859757267634
0.03137219563025535
0.034566665672755216
0.03759648613033791
0.04049472346916054
0.043311101380243654
0.04610863571647822
0.04895899655952087
0.05193687138090034
0.055113698447176965
0.058551208637090825
0.06229524996195016
0.0663703682573861
0.07077557876837806
0.07548168891011883
0.08043042763614149
0.08553550949260641
0.0906856214651279
0.09574917915507766
0.10058056688811445
0.1050274645546863
0.10893878118770041
0.11217266801936478
0.11460407566789144
0.11613135166353694
0.11668144304653819
0.11621336866740711
0.11471974910657304
0.11222631911776837
0.1087894876242452
0.10449214299557077
0.09943801689769238
0.0937450103416851
0.08753794476728387
0.08094122579372239
0.0740718971190852
0.06703351909901559
0.059911235320778085
0.05276829745095549
0.04564421151040238
0.038554555861920234
0.031492410841666325
0.024431239650253785
0.01732897610088007
0.010133011693664512
0.0027857349558266637
-0.00476973916733907
-0.012584003900830136
-0.020696284294864545
-0.02913012909287428
-0.03789009152624366
-0.046959553630635795
-0.056299779562071356
-0.06585021549655114
-0.07552999051985963
-0.08524051707656331
-0.09486904276199157
-0.10429296837444782
-0.11338472036077701
-0.12201694873957736
-0.13006781362899236
-0.1374261238977385
-0.14399609951742678
-0.14970154439916147
-0.15448923851185367
-0.15833138670915678
-0.16122699677802968
-0.1632021004938429
-0.1643087783764938
-0.16462300041094893
-0.16424134970020432
-0.16327675174027692
-0.16185338605991698
-0.16010100621588075
-0.1581489351893499
-0.15612003271727776
-0.15412494596836948
-0.15225695284471485
-0.1505876866219729
-0.14916399140372538
-0.14800610109506934
-0.14710726284386832
-0.1464348430370255
-0.14593286498059133
-0.14552583814654127
-0.14512365552905715
-0.1446272643191522
-0.14393476128560606
-0.14294753238581934
-0.14157604919616712
-0.13974495395706235
-0.13739710965833132
-0.1344963590045505
-0.13102882188667211
-0.12700265927346643
-0.1224463353236489
-0.11740551160491118
-0.11193880025721548
-0.10611268006425158
-0.09999593517289172
-0.09365400669174277
-0.08714365056406209
-0.08050827094148529
-0.07377424879401201
-0.06694851452521379
-0.06001752627909724
-0.05294771885858925
-0.04568738871902925
-0.038169885362971216
-0.03031789514309045
-0.022048535492790185
-0.013278930105288713
-0.003931911114959497
0.00605850628742521
0.0167422090433821
0.02814892061872178
0.0402852143825039
0.05313276403333271
0.06664791051511211
0.08076254469866957
0.09538622848813468
0.11040940845223157
0.12570751924540166
0.14114573162137886
0.1565840733090999
0.17188264089322372
0.18690662660442114
0.20153090422017197
0.21564395109156395
0.22915092617755084
0.24197577415933422
0.25406228041494305
0.26537405810610976
0.27589350427505477
0.28561981430107825
0.2945661912163277
0.30275642638518324
0.3102210593396715
0.3169933458328094
0.32310527340843037
0.32858386229462005
0.3334479758845494
0.33770583958816236
0.3413534300478571
0.3443738498160257
0.3467377474203744
0.34840478175176587
0.3493260659420377
0.3494474628809694
0.3487135460927734
0.3470719897848445
0.3444781142468978
0.34089929069170094
0.336318905586881
0.3307395999781839
0.3241855344274068
0.3167034837603068
0.30836263518484636
0.29925304449687185
0.2894827929003329
0.27917397547904005
0.2684577352139749
0.2574686273718291
0.24633865240959732
0.2351913266347534
0.224136165619688
0.2132639345094682
0.20264297261513395
0.19231682982532114
0.1823033640725469
0.17259534862267992
0.1631625327194392
0.153954997078472
0.14490755478823367
0.13594487551810594
0.12698696241067983
0.11795459065577893
0.10877432630889085
0.09938278282395573
0.08972983802613689
0.0797806206819374
0.0695161764852941
0.05893283000972187
0.04804036328021343
0.03685922458756652
0.02541705540533484
0.013744872741481787
0.001873265009371419
-0.010171049990969837
-0.022367995095613647
-0.0347059863228412
-0.04718270688108423
-0.05980473864220687
-0.07258608838485446
-0.08554574293116651
-0.09870447136771417
-0.11208115675979673
-0.1256889788232211
-0.13953177983662668
-0.1536009280821311
-0.1678729482439851
-0.18230812076042205
-0.19685016833523694
-0.2114270552597182
-0.22595283213398962
-0.2403303732009615
-0.2544547832031109
-0.2682172013710063
-0.2815087058057996
-0.2942240237705251
-0.30626478147322506
-0.31754207770009046
-0.3279782340209356
-0.33750765360917534
-0.34607680347870223
-0.353643413444249
-0.36017505219977586
-0.3656472906102616
-0.3700416903848416
-0.37334386060224545
-0.37554180522293334
-0.3766247441041728
-0.37658253246869416
-0.3754057351401198
-0.3730863389911261
-0.36961901710137707
-0.36500279786402334
-0.3592429474682635
-0.352352849025182
-0.34435565836143356
-0.3352855353137664
-0.3251882882245064
-0.3141213243567187
-0.3021528646869151
-0.289360451570486
-0.27582884532026913
-0.26164746428599367
-0.24690756697046495
-0.23169939989920735
-0.2161095390264518
-0.20021863509502694
-0.18409973630052817
-0.16781730843499876
-0.15142700850486335
-0.13497619874479608
-0.118505120516071
-0.10204858811395162
-0.08563801653853094
-0.06930356901197858
-0.053076201950301646
-0.036989397792203636
-0.02108040816428091
-0.0053908781285567035
0.010033217958940653
0.02514233284553909
0.03988473363922133
0.054208399648884936
0.06806326338153483
0.08140359601631868
0.09419032591824439
0.10639308531714331
0.11799180515789806
0.12897771863102447
0.1393536859217348
0.1491338111928048
0.15834238219076896
0.16701221765424876
0.1751825530194909
0.18289662692293096
0.1901991472478176
0.19713381509711653
0.2037410688734413
0.21005618088920067
0.2161077991339386
0.22191698135757373
0.2274967222424831
0.23285193178698133
0.23797978819157004
0.24287036464247874
0.24750741828233755
0.251869231788501
0.2559294123702761
0.25965757739310147
0.26301988697890444
0.2659794179200396
0.2684964059759196
0.2705284112328713
0.27203048048803463
0.2729553893460861
0.27325404389165386
0.27287610773309207
0.27177089648756847
0.2698885510654668
0.2671814668800219
0.26360592223737916
0.2591238195276045
0.25370443088685596
0.2473260283825147
0.23997727904504124
0.2316582975290514
0.22238127282658504
0.21217061807045112
0.20106263087008688
0.18910469198611177
0.17635406839337295
0.16287641900622615
0.14874412423234123
0.134034571708969
0.11882852887547522
0.10320871858536511
0.08725868821018766
0.07106202825481417
0.05470195690912394
0.038261246265990013
0.02182242832312822
0.005468188229598329
-0.010718168302600244
-0.02665229480633006
-0.042248547684692765
-0.057419992874847156
-0.07207874660937658
-0.08613668531780043
-0.09950651959052008
-0.11210318708789031
-0.12384548350318855
-0.13465782292893452
-0.1444720021540191
-0.15322883932150064
-0.16087956646730386
-0.1673868768212473
-0.17272555917879248
-0.17688268987220754
-0.1798573938817647
-0.18166022611287566
-0.18231225763743208
-0.1818439761429577
-0.18029412229037878
-0.17770858272981344
-0.1741394461446832
-0.16964430228718194
-0.16428582822215
-0.15813166462886463
-0.15125454239496394
-0.1437325804622168
-0.13564964428582674
-0.1270956339817982
-0.11816656481309439
-0.10896431129911888
-0.09959590961820429
-0.0901723493090769
-0.08080683142576908
-0.07161252207394987
-0.06269988281439813
-0.054173707731320304
-0.046130036293498926
-0.038653137502664275
-0.03181277138481352
-0.02566192721380747
-0.02023521410370757
-0.015548040461607073
-0.011596667353985656
-0.008359161316527664
-0.0057972094660125395
-0.0038586991564970607
-0.0024809108600917
-0.0015941307880803835
-0.0011254623090104503
-0.00100260446131152
-0.0011573723313542262
-0.0015287568350484545
-0.0020653582192234434
-0.0027270750106586257
-0.003485984054655758
-0.004326403217134345
-0.005244181851809434
-0.006245311288489904
-0.00734398519388095
-0.008560265527254815
-0.009917522942635417
-0.011439821014141226
-0.013149402771707699
-0.015064417768921468
-0.017197000881498743
-0.019551783141302292
-0.022124882992986775
-0.02490339594210535
-0.027865373627259077
-0.030980261194975954
-0.03420974505619945
-0.037508951544523994
-0.04082793000418063
-0.044113350360911456
-0.047310344064351965
-0.05036441729607334
-0.05322336563561821
-0.055839119499614356
-0.058169449633332856
-0.0601794622364069
-0.061842814838341476
-0.06314258794081101
-0.06407175489063453
-0.06463320443439738
-0.06483928752844456
-0.06471088225323333
-0.06427599743218865
-0.06356796538034643
-0.06262330504208477
-0.061479366045316876
-0.060171889051069634
-0.058732635377696914
-0.057187246726731956
-0.055553492075283706
-0.05384004248042538
-0.052045885814206376
-0.050160453648065186
-0.04816448411607942
-0.04603159108593142
-0.04373045555751636
-0.041227504461473205
-0.03848989946139761
-0.03548862800798446
-0.03220147389068512
-0.02861564679237124
-0.024729870320371505
-0.02055576454653331
-0.01611840961042033
-0.011456037477991008
-0.006618864572386594
-0.001667143219859699
0.003331430857573516
0.008304769505486958
0.013179682967876832
0.017885176904487533
0.022355526042429505
0.026532917759708154
0.03036949828633925
0.033828706474493576
0.036885840440134016
0.03952786534557672
0.041752530550728036
0.0435669160635629
0.04498556729336025
0.04602840045715084
0.04671856706966243
0.04708045489459751
0.04713797631446595
0.04691325647286284
0.046425787015952194
0.04569206169181262
0.04472566245702696
0.043537723698117994
0.04213767145788181
0.040534116705908965
0.03873577780703999
0.03675231700258916
0.034594997079798046
0.03227709442998724
0.029814039525145924
0.027223291238166664
0.02452398325862168
0.02173640554343587
0.018881398677982664
0.015979742833765014
0.013051615696155013
0.010116176657733685
0.00719131026830169
0.004293533809639922
0.0014380457872686574
-0.0013611320409907884
-0.00409098337044876
-0.006739368184489983
-0.009295003201625745
-0.011747604586303606
-0.014088221356353244
-0.01630975710876351
-0.018407644042356026
-0.020380601088826777
-0.02223138162758217
-0.023967399641855125
-0.025601119205551203
-0.02715010246039336
-0.028636635741294613
-0.030086890546194765
-0.03152962236356824
-0.03299446141929549
-0.03450989979522374
-0.03610112342868117
-0.037787869877282075
-0.03958250900894326
-0.04148854099894797
-0.04349968308641118
-0.04559967443807812
-0.047762870238713825
-0.049955626684090405
-0.05213840423961151
-0.054268444536030774
-0.05630281393607681
-0.05820156085094024
-0.05993070972349355
-0.061464815711525476
-0.06278883162662821
-0.06389909117328461
-0.06480328602453975
-0.06551940257666537
-0.06607367946427448
-0.06649774023486037
-0.06682513798947014
-0.06708761204989194
-0.06731139414288556
-0.06751390880190794
-0.06770118804621661
-0.06786626527669566
-0.06798873204500587
-0.06803554082885847
-0.06796302610099106
-0.06772000491752667
-0.0672517173172627
-0.06650428561446284
-0.06542931810149635
-0.06398826220502915
-0.0621561271848978
-0.059924246147933166
-0.057301827324631946
-0.05431614816592885
-0.051011363528440185
-0.04744602028711757
-0.04368948400214683
-0.03981757828531822
-0.03590780543239646
-0.03203455139267192
-0.028264676037232005
-0.024653851205211755
-0.021243937818795206
-0.018061596211583892
-0.015118209899656345
-0.012411083090159019
-0.009925757549062416
-0.007639195766771617
-0.005523503814640347
-0.003549825568733521
-0.0016920336880511127
7.012795409775981e-05
0.001748734027987423
0.0033463956761693114
0.0048560977344416405
0.006262134695684491
0.007542017334584847
0.008669128954171563
0.009615840737760251
0.010356756203096416
0.010871748751346656
0.01114848393693547
0.011184176179206086
0.010986412029856056
0.010572970280001509
0.009970673124836703
0.00921340180257964
0.008339494651458942
0.007388806996552933
0.0063997446753827555
0.0054065832857291525
0.004437353584153892
0.0035125132779476715
0.0026445429787715145
0.0018385077682513433
0.0010935254494232214
0.0004049882646906246
-0.00023269387480232521
-0.0008231159146260361
-0.0013649796131280532
-0.0018495835556476216
-0.0022589739527822668
-0.0025649658780789886
-0.0027291607354356577
-0.0027039894975234035
-0.0024347122123133656
-0.0018622122370040208
-0.0009263476573158704
0.00043043025071844897
0.002259505886776299
0.004602883636735321
0.007490599953711661
0.010938974077504694
0.014949827513708894
0.01951071057836792
0.02459608064627723
0.03016929049283081
0.03618517468523622
0.04259297403823434
0.04933931701181575
0.05637098412877995
0.06363721566610103
0.0710913799458873
0.07869189317146287
0.08640236398800441
0.09419101810986358
0.10202953191699612
0.10989146138332694
0.1177504883625515
0.12557871679601612
0.13334523619202543
0.14101513086008666
0.1485490554617074
0.15590342704488397
0.16303120872790552
0.16988318890038454
0.17640960009124568
0.18256188012274766
0.1882943594693094
0.19356566505377346
0.19833966153302124
0.20258580329247813
0.20627883840179467
0.20939788243710075
0.21192495709259318
0.21384315747522592
0.21513466521511598
0.21577885587619042
0.21575075464930438
0.21502007260747286
0.21355100834503976
0.21130293073215334
0.20823197420586578
0.2042934865732963
0.19944517968031633
0.1936507544519877
0.1868837117868574
0.17913102592800154
0.17039635122985675
0.16070245792015225
0.15009264584283388
0.1386309628193947
0.12640114938828506
0.11350433576937986
0.10005562054422147
0.08617975432359282
0.07200622705842058
0.0576641077942744
0.04327700606229144
0.02895851297475835
0.014808438582466062
0.0009100940534665602
-0.012671220971417835
-0.025888465853165177
-0.03871188473879478
-0.051126951529276585
-0.06313145774451244
-0.07473202829570427
-0.08594038505024569
-0.09676968416540516
-0.10723123079271109
-0.11733182682001238
-0.12707193897520563
-0.136444792725168
-0.14543640984233042
-0.15402652240647757
-0.16219022096754646
-0.16990013600624218
-0.1771289143069416
-0.18385173786807382
-0.19004864268493268
-0.19570642608821417
-0.20081998030682913
-0.20539295106583624
-0.20943768696040752
-0.21297451145816876
-0.21603040848153557
-0.2186372594110364
-0.22082980028881274
-0.22264348100175896
-0.22411240316454578
-0.22526749196838078
-0.22613502260696386
-0.22673557836678945
-0.2270834700443863
-0.22718660010383135
-0.22704671456986705
-0.22665995484937101
-0.22601760304942792
-0.22510690905533517
-0.2239118953154851
-0.2224140542584497
-0.22059288072782
-0.21842621418045283
-0.2158903987191753
-0.21296029946727282
-0.20960923797209655
-0.20580892470614368
-0.20152947183181427
-0.19673956389967012
-0.19140684890373844
-0.18549858898439994
-0.1789825816920082
-0.1718283322129529
-0.1640084275472874
-0.15550003832552176
-0.14628645525154446
-0.1363585567925182
-0.1257161035447317
-0.11436876259174608
-0.10233678117314303
-0.08965125141455407
-0.07635393454621299
-0.062496641527200435
-0.0481401948817329
-0.03335302168896444
-0.018209448344074296
-0.002787782799343856
0.012831721007513975
0.02856891883506515
0.04434575665398827
0.06008808763822793
0.07572724757684204
0.09120132324066335
0.10645606216374688
0.12144538687731522
0.13613149149099835
0.15048451358038853
0.16448178976439962
0.17810671940014064
0.19134727770094132
0.20419423731236808
0.216639175646013
0.2286723633389079
0.2402806458993301
0.25144544434653815
0.2621410096106454
0.2723330677122785
0.28197798653337225
0.29102257899017697
0.2994046309723068
0.30705420574840797
0.31389573091026746
0.31985082164047035
0.32484173843107245
0.32879532242414666
0.33164720184682894
0.3333460232289058
0.33385743553801545
0.33316754758040934
0.3312855913351884
0.32824555713645964
0.324106619882333
0.3189522460366497
0.31288795472680464
0.3060377969539673
0.2985397080672803
0.29053997301964046
0.28218711450162165
0.2736255646243404
0.2649895065589629
0.25639727047656213
0.24794663750672286
0.23971134783650452
0.23173902838393448
0.22405065760391404
0.21664157738470555
0.20948395308733164
0.20253048122670775
0.1957190582445302
0.18897806021103364
0.1822318472093977
0.17540610039862517
0.1684326245599839
0.16125330196452034
0.15382295992987852
0.1461110077743354
0.1381018009707349
0.12979379245269657
0.12119762466346376
0.11233339339235533
0.10322736961452558
0.09390849443435674
0.08440496325282584
0.07474118938288464
0.06493538785750334
0.05499795247667225
0.0449307200686757
0.03472713315275423
0.02437323340473656
0.013849350596196536
0.0031323007254862095
-0.007802123231250601
-0.018976592433670076
-0.030409825733030523
-0.042114493228439145
-0.054095569773595434
-0.06634921201230082
-0.0788621738792165
-0.09161172105685407
-0.10456596039178628
-0.11768447020033738
-0.13091910443873492
-0.14421484855790695
-0.15751062612572983
-0.1707399897045112
-0.18383167222805016
-0.1967100204633508
-0.2092953739698548
-0.22150448554283678
-0.233251097716412
-0.24444679133639197
-0.255002205278913
-0.26482869201275755
-0.2738404249093162
-0.2819569148566482
-0.28910583206327983
-0.2952259709121001
-0.3002701483301344
-0.3042077956295072
-0.307026994973398
-0.3087357273553412
-0.30936213969301196
-0.30895370223180524
-0.3075752093881164
-0.3053056707972884
-0.3022342364929373
-0.29845539186187403
-0.2940637353653653
-0.28914870697240275
-0.28378966150771767
-0.2780516747483864
-0.27198243002052774
-0.2656104612098962
-0.25894492943486247
-0.2519769926806389
-0.24468270000773415
-0.23702721527052345
-0.22897006061162165
-0.2204709776033781
-0.21149594238357552
-0.20202284659199482
-0.19204637138853434
-0.1815816369375794
-0.17066630064516458
-0.15936089713176502
-0.14774735180593393
-0.135925746559691
-0.12400955829820723
-0.11211971673548617
-0.10037792640917072
-0.08889976069072553
-0.07778805717564535
-0.06712712219700118
-0.056978188957147964
-0.04737647411158889
-0.03833004987281283
-0.029820603539777602
-0.021806005986844106
-0.014224467676732707
-0.006999937141080365
-4.830285104817444e-05
0.006716097346364469
0.013374170076291977
0.019996446873665044
0.02663856720096074
0.0333381791344915
0.04011344732521327
0.046963218802627896
0.053868756669827066
0.060796821792495265
0.06770377421371541
0.0745402882200943
0.08125623396672788
0.08780527728026474
0.09414878714404286
0.10025871346001472
0.10611919899201383
0.11172680956551752
0.11708939475239451
0.1222237159821304
0.12715208933721628
0.13189837667830692
0.13648371392032255
0.14092238481982136
0.14521823132713807
0.14936193947435658
0.15332945803719167
0.157081703513119
0.16056558883625138
0.16371629521999786
0.16646059713437808
0.16872095933962977
0.17042006001562146
0.17148536082346047
0.17185334579754022
0.17147308579316842
0.1703088502971617
0.16834157757123355
0.16556911907590147
0.1620052853171696
0.1576778276020742
0.15262558404656248
0.1468950901972011
0.14053699846956852
0.13360266249423441
0.12614122149781934
0.11819746806912745
0.10981070484382893
0.1010146988574698
0.09183873529716852
0.0823096647391859
0.07245473933472656
0.06230495262564116
0.05189854197471565
0.04128428701146213
0.0305242444129741
0.01969559831618473
0.008891373465518757
-0.0017801508780369538
-0.01219738190410725
-0.022228651993336495
-0.031736588521873485
-0.040583350797753485
-0.048636393526389536
-0.055774366487652
-0.061892741454649396
-0.06690877127558349
-0.07076543123079283
-0.07343406542951492
-0.07491555504690783
-0.07523993283991232
-0.07446448081289805
-0.07267045604983809
-0.06995868500066481
-0.06644434152204988
-0.062251273146799006
-0.05750626004730544
-0.05233358109849234
-0.046850222959524325
-0.04116200511230322
-0.03536081216773971
-0.029523031709352908
-0.023709199452085723
-0.01796476155688969
-0.012321783921033863
-0.006801376271139731
-0.001416559292660645
0.0038247118537379173
0.008916644339639124
0.013853068777216286
0.018625456996808884
0.02322162378924405
0.02762516774407272
0.031815633801533724
0.035769313771376696
0.0394605465357462
0.04286334132641947
0.04595312807356555
0.04870843924238243
0.051112346815692156
0.053153513440291886
0.05482676411554511
0.056133139065972205
0.05707944402907608
0.057677365595216225
0.057942261530746636
0.05789176531174745
0.057544357890987156
0.05691805710532408
0.056029356841226056
0.05489251638802125
0.053519258888151344
0.05191889092554938
0.05009880802789306
0.048065308118924684
0.04582460115549961
0.04338388178987366
0.04075232510391403
0.0379418739730217
0.034967709586146145
0.03184833176023234
0.028605219388932696
0.02526208920993872
0.02184381815666512
0.018375135990735602
0.014879226300845844
0.01137639183911363
0.007882942361142927
0.004410448955257051
0.0009654791916202082
-0.0024501152812080656
-0.005838339076037842
-0.009203658323749343
-0.012551163734439152
-0.015884434223610855
-0.019203282786375113
-0.022501590247477332
-0.025765438729012782
-0.028971743957039654
-0.03208755435010581
-0.035070137344077656
-0.037867913255951555
-0.040422229024416716
-0.04266989402505883
-0.04454633378804843
-0.04598916058013669
-0.04694191747542949
-0.04735772860430242
-0.04720258511558961
-0.04645801468279676
-0.045122921019575685
-0.04321443603744102
-0.040767696705546926
-0.037834535971093465
-0.03448115621324257
-0.03078492841353011
-0.026830524657329036
-0.022705640691478294
-0.018496595246686245
-0.014284101424923347
-0.010139492098056384
-0.006121647148570634
-0.0022748183137326606
0.0013725184514759765
0.004807727604086783
0.008033017382275673
0.011063477822366356
0.013924314907854257
0.016647494606299672
0.019268045956618
0.021820288752280096
0.024334248105318285
0.02683249618634218
0.029327623045161278
0.03182048712863554
0.034299336283749725
0.03673982649258235
0.03910590322644489
0.041351453695898516
0.043422591301242396
0.04526039918805627
0.04680393977485492
0.047993332010430795
0.048772707299292443
0.0490928767876042
0.04891357443805189
0.04820517884360886
0.04694985854008326
0.045142127188834376
0.04278883323033361
0.039908640822587625
0.036531083175382194
0.032695284712693534
0.02844845464774563
0.023844252157352266
0.018941113702165113
0.01380061797642405
0.008485945602940977
0.003060471208477808
-0.0024134930285922324
-0.007875799151217956
-0.013269419285454005
-0.01854127173086652
-0.023642936071743965
-0.028531274464012036
-0.03316897120836608
-0.03752499547565799
-0.04157498397781709
-0.04530153285003421
-0.04869438224357215
-0.05175047405112777
-0.05447386334264275
-0.05687546759200303
-0.05897264430685721
-0.06078859653773859
-0.06235161595122901
-0.06369418354995439
-0.0648519575239462
-0.06586268504797986
-0.06676507925673632
-0.06759770362803051
-0.06839790347073625
-0.06920081844609464
-0.07003850172443936
-0.07093916147543955
-0.0719265300850259
-0.07301935702367868
-0.0742310138144088
-0.07556919499952212
-0.07703569798052712
-0.07862626728178078
-0.08033049488134138
-0.0821317770274839
-0.08400733829242471
-0.0859283440977389
-0.0878601320308555
-0.08976259843461872
-0.09159077866648836
-0.09329565612371167
-0.09482522614125335
-0.09612582630131469
-0.09714372527703814
-0.09782693939620787
-0.09812722149134825
-0.098002142507558
-0.09741716515625415
-0.0963475929833242
-0.09478026965020397
-0.092714903610845
-0.09016490364302328
-0.08715763099283773
-0.08373400347888629
-0.07994742417459316
-0.07586204986085875
-0.0715504593152034
-0.0670908252801353
-0.06256373311144862
-0.058048820294250375
-0.05362143134479349
-0.04934948993380728
-0.04529078316526108
-0.04149083170606115
-0.03798148491670284
-0.03478033441433802
-0.03189098571194901
-0.02930416956937151
-0.02699961676615285
-0.024948566576541775
-0.02311673446006027
-0.021467531948778755
-0.019965314084265377
-0.018578428565082055
-0.017281856255840534
-0.01605926380250791
-0.014904333461578587
-0.01382128947008697
-0.012824600139207925
-0.011937895659278261
-0.011192198591653919
-0.010623612738467481
-0.010270652757544088
-0.010171418757986076
-0.010360825636513504
-0.01086808591734337
-0.011714618529282463
-0.012912516743848676
-0.014463659902483356
-0.016359499811495017
-0.018581498380333662
-0.021102142789138228
-0.02388642233293459
-0.026893620456190256
-0.030079258647156774
-0.03339702683623028
-0.036800547435388326
-0.040244845584401945
-0.04368743382770699
-0.04708896176844563
-0.050413426142901376
-0.05362797999683526
-0.05670241724032322
-0.059608437435215794
-0.062318812770440456
-0.06480658347437623
-0.06704439930789788
-0.06900410441147165
-0.07065663288347654
-0.07197224616012211
-0.07292110423457776
-0.07347412488887252
-0.07360405214820269
-0.07328663031389397
-0.0725017655775444
-0.07123455470977721
-0.06947606983648118
-0.06722380887984832
-0.06448175080700036
-0.061259990500620684
-0.057573966386552905
-0.05344333124468668
-0.04889054935199861
-0.04393932820210694
-0.03861300822764843
-0.0329330379220178
-0.02691765431385341
-0.02058087079751546
-0.013931847766757025
-0.006974689036195255
0.0002913281230216446
0.007871115962697779
0.015772789398018256
0.02400641027753792
0.03258255888242808
0.04151083414308682
0.050798379694719904
0.06044851978246172
0.07045956908066521
0.0808238563004798
0.09152697600904618
0.10254725941851606
0.1138554357964833
0.12541444379103314
0.13717934771472298
0.14909731806441137
0.16110764759963264
0.17314179251060793
0.18512345011497047
0.19696870711385864
0.20858631247258205
0.2198781433646806
0.23073993871965828
0.24106237094408892
0.25073251159258997
0.25963572158801784
0.26765796267361947
0.2746884868662975
0.2806228183831457
0.28536590199162115
0.28883525729386994
0.2909639541249955
0.2917032133510819
0.29102444215621986
0.2889205343232056
0.28540630344910495
0.28051796837760806
0.2743116718557359
0.26686108087526655
0.25825418491842544
0.24858947067707396
0.23797170324548286
0.22650757950354372
0.2143015357796157
0.20145198680794932
0.1880482461312377
0.17416833094276718
0.15987779017252518
0.14522961817469343
0.13026523359165468
0.11501642042996765
0.09950805277328076
0.08376136210456701
0.06779746215106504
0.05164082429163601
0.03532239889144703
0.018882104507225248
0.002370455816066008
-0.014150831382850637
-0.030609338923966948
-0.04692354182090715
-0.06300540576570299
-0.07876381070896714
-0.0941085567788062
-0.10895465935517297
-0.1232266128779811
-0.13686229993501212
-0.14981624344949931
-0.16206194358911427
-0.17359310386923898
-0.18442362795580242
-0.1945863540451065
-0.2041305810731716
-0.21311852405866155
-0.22162090877664503
-0.22971197377954883
-0.2374641868598081
-0.24494300119113382
-0.25220197295752766
-0.2592785381768496
-0.2661907039217109
-0.2729348516413742
-0.2794847820178727
-0.28579205643921535
-0.2917876145415475
-0.29738457493628
-0.30248206126535315
-0.30696984146108847
-0.310733527005869
-0.31366005264671304
-0.31564314606279326
-0.3165885012141615
-0.3164183875960083
-0.31507545888286775
-0.31252556653295266
-0.30875943460173344
-0.30379310887541094
-0.2976671539833654
-0.29044463386821906
-0.28220797138839904
-0.2730548394570631
-0.2630932866149375
-0.25243634203322984
-0.24119637654829187
-0.22947951557851495
-0.217380405140383
-0.2049776225950394
-0.19232999874184598
-0.17947407767161805
-0.16642288646926437
-0.15316612037785804
-0.13967177327526334
-0.12588916198680994
-0.1117532104854677
-0.09718978132085294
-0.08212177177059818
-0.06647563616876705
-0.0501879580536912
-0.03321167970286802
-0.01552160455094634
0.0028811793386009344
0.0219662501060033
0.04167239501792257
0.0619078689481394
0.08255238660527955
0.10346075731405825
0.12446796513233567
0.14539540193951606
0.16605788386685774
0.18627102797653963
0.20585854077258436
0.22465897530261508
0.24253154942279637
0.2593606820842287
0.2750589929054453
0.28956861656999533
0.30286080003388594
0.3149338685865814
0.3258097577250371
0.3355294033124793
0.34414735550009057
0.351726027021925
0.3583300005361225
0.36402080192015657
0.36885249857539004
0.37286840795417303
0.376099107804913
0.37856183366064056
0.3802612393736988
0.381191391697641
0.38133877816939743
0.3806860357806708
0.37921606131932106
0.3769161458233185
0.3737817859672662
0.3698198626646701
0.3650509378110505
0.359510498209537
0.3532490643399723
0.34633117314227735
0.3388333308014189
0.3308411067405062
0.3224455980006186
0.31373952996356963
0.3048132729971344
0.29575104519727696
0.28662754108808985
0.2775051787608461
0.26843209863675227
0.259440981751617
0.25054869031304783
0.24175667402215806
0.23305203713095007
0.22440912695304918
0.21579148649086322
0.20715401220741395
0.1984451713248764
0.18960915851006652
0.18058790546907008
0.17132289425510655
0.1617567613139113
0.15183471015167496
0.14150577255196362
0.13072396922067078
0.11944941974717568
0.10764943946588659
0.09529963920981252
0.08238501625021398
0.06890099489314211
0.05485434758245883
0.04026390612898189
0.025160961420676278
0.009589251207274474
-0.006395549512905519
-0.022726892682080353
-0.039328993354567424
-0.05611900729931515
-0.0730096677469996
-0.08991224860120521
-0.10673967770651335
-0.12340959171305309
-0.13984710786293558
-0.15598709052409115
-0.17177571275664968
-0.1871711550388647
-0.20214334207892776
-0.21667269027506736
-0.2307479173543943
-0.24436304558364766
-0.2575138038832324
-0.27019369558363926
-0.28239004164521286
-0.2940803294650681
-0.3052291922361183
-0.3157863125683247
-0.32568548825089927
-0.334845021216865
-0.3431694983703932
-0.3505529317465325
-0.3568831231362779
-0.3620470227036715
-0.365936769714052
-0.3684560427346834
-0.3695263114711233
-0.3690925757363736
-0.36712819971298805
-0.36363850022755473
-0.35866282267161037
-0.352274932120416
-0.3445816533870753
-0.3357198046321703
-0.3258515769049969
-0.31515860915393973
-0.30383508824816463
-0.29208026121838143
-0.28009077879062144
-0.2680532938186502
-0.25613771584878603
-0.24449147606403768
-0.2332350891499159
-0.22245921535149105
-0.2122233331169593
-0.20255603656201934
-0.1934568787379271
-0.18489959699606354
-0.1768364853661442
-0.16920362439869205
-0.16192664364831622
-0.15492667682213523
-0.14812617422163624
-0.1414542599520513
-0.13485136000905656
-0.12827287864143552
-0.12169176077401958
-0.11509984403934204
-0.10850797145770259
-0.10194490162413686
-0.09545511439622452
-0.08909566399019864
-0.08293227605944577
-0.07703491923801027
-0.07147310376681548
-0.06631116962544194
-0.06160382394086668
-0.057392172610004955
-0.05370046471959975
-0.050533731526523296
-0.04787645591897831
-0.04569235525928424
-0.043925302545744685
-0.042501350521294966
-0.04133176359295335
-0.04031690629933812
-0.03935078771813874
-0.03832602166291661
-0.03713893547394084
-0.03569454781239341
-0.033911139525804254
-0.03172416184453551
-0.029089262324902606
-0.02598425940301879
-0.02240995842003402
-0.018389771829681014
-0.013968179568462897
-0.009208137372065479
-0.004187606172454261
0.001004570097653887
0.006273171977724232
0.01152121016235613
0.01665434155138466
0.021584827285576882
0.026234802794554472
0.030538684457991887
0.03444460413875079
0.03791483650658135
0.0409252590541654
0.043463955197278
0.045529131375693664
0.0471265649650576
0.048266827610735884
0.04896253634348598
0.04922587224461794
0.049066574902478684
0.048490573414941146
0.04749935551831579
0.0460901107527591
0.044256617050933526
0.04199077835303844
0.03928466885272694
0.03613290132244283
0.032535115378221215
0.028498377696555943
0.02403929964447011
0.01918570654811381
0.013977733619627744
0.008468272146300651
0.0027227411597467444
-0.003181790355741505
-0.009158061960909295
-0.01511055818807966
-0.0209377981281544
-0.026534844445517687
-0.031795901732979234
-0.036616888641494885
-0.040897890814670816
-0.044545428793482125
-0.04747450289831014
-0.049610401954547884
-0.05089028149508849
-0.05126452757317744
-0.050697923571867844
-0.04917062972602714
-0.04667897008005228
-0.04323600197865963
-0.03887182239803171
-0.0336335473029133
-0.027584888496782797
-0.020805250280919896
-0.01338827782925349
-0.00543981138122487
0.0029247654861090065
0.011583751290890912
0.020412843372975577
0.029289211703421976
0.0380957474456106
0.04672526489260563
0.055084410383773236
0.0630970247467543
0.07070671918551465
0.07787845899057845
0.08459900364215357
0.09087612249972005
0.09673658726485519
0.10222302936493409
0.10738983514146153
0.11229832690890885
0.11701153679734679
0.12158891723488574
0.12608134316054023
0.13052674495757094
0.13494666841500974
0.13934399188208185
0.14370194641868148
0.14798448908271777
0.15213798050500935
0.15609402388959479
0.15977324141046073
0.16308970235851455
0.16595568023543653
0.16828640595619174
0.17000450158203556
0.1710438212397552
0.1713524885190861
0.1708949963129901
0.1696533182507143
0.16762706263233748
0.1648327725376304
0.16130253309281622
0.15708208401702878
0.1522286499993971
0.14680869304781238
0.1408957619510161
0.13456856876276022
0.1279093667245559
0.12100264522504096
0.11393410238529833
0.10678981122194767
0.09965546634275316
0.09261558817220855
0.08575257193449501
0.07914549779706417
0.07286866318805509
0.06698985293201992
0.061568420766994036
0.05665330969164489
0.05228118134711911
0.04847485019497379
0.04524222227486579
0.042575918749788395
0.04045372178319566
0.03883991766066617
0.037687534950766134
0.03694139123447108
0.03654177899747429
0.03642854843121145
0.036545290245120786
0.03684329176081429
0.03728493888735132
0.03784626662719986
0.038518420050337995
0.039307871719237504
0.04023534323230766
0.04133348876124399
0.04264350693357698
0.044210943759535055
0.04608102402393162
0.04829389402975224
0.05088016983797792
0.053857160475548296
0.057226076730893
0.06097044824616993
0.06505586269620378
0.06943102114887685
0.07402998466734981
0.07877538036674694
0.08358225094492482
0.0883621785229621
0.09302729683048602
0.09749382717162573
0.10168483123913481
0.10553196209455384
0.10897610476074597
0.11196691884757883
0.1144614152048618
0.11642180452410586
0.11781293708198279
0.11859970078343453
0.11874475393730012
0.11820693825119563
0.11694064889832269
0.11489633858649258
0.11202221102813925
0.10826702810126174
0.10358382751656277
0.09793423704596561
0.09129298895722139
0.08365219324312047
0.07502492596260912
0.06544773078991846
0.054981714607250626
0.043712034477670615
0.03174571294729348
0.019207868255326124
0.00623659140160067
-0.00702317092885674
-0.02042627231920276
-0.03383405032729996
-0.047120517174005616
-0.060177574597271494
-0.07291885241337714
-0.08528188957537695
-0.09722852154743147
-0.10874349497623312
-0.119831485080643
-0.13051282828086924
-0.14081838940124555
-0.15078404930202938
-0.16044531894606728
-0.16983255813163511
-0.1789672045437571
-0.1878593088756141
-0.19650653564908352
-0.2048946406303181
-0.21299928915968164
-0.2207889497496785
-0.22822849665245717
-0.23528309345197337
-0.24192191281665343
-0.2481212765500585
-0.25386687156245924
-0.25915480364777593
-0.2639913808061516
-0.2683916577811378
-0.27237690900376604
-0.2759713142812615
-0.2791982282914923
-0.28207645234556683
-0.28461693010585115
-0.2868202476717456
-0.2886752369115371
-0.2901588674865877
-0.2912374793201674
-0.29186926702586447
-0.2920077954371742
-0.2916062144992743
-0.2906217638606803
-0.2890201206689467
-0.28677915230613377
-0.2838916885082839
-0.28036701940560765
-0.276230948413347
-0.2715243694433011
-0.2663004825941413
-0.26062089688694107
-0.2545509793348639
-0.2481548856360823
-0.24149074149400035
-0.23460643165741005
-0.22753639743703827
-0.220299748300273
-0.21289986859897628
-0.20532555883064532
-0.19755360596582625
-0.18955254340129502
-0.18128725092683942
-0.17272396915724156
-0.16383526812229504
-0.15460451892787302
-0.1450294690322062
-0.13512461000734977
-0.12492214244541236
-0.1144714741634331
-0.10383732199625349
-0.09309661121700524
-0.08233446831268365
-0.07163967329242395
-0.061099971116992995
-0.05079763629188441
-0.04080564222309296
-0.031184713313192784
-0.02198144165822714
-0.013227542248743295
-0.004940212234171028
0.0028765379039302577
0.010229791081729748
0.017135128783455817
0.02361381533453019
0.029690031295423105
0.03538838781178767
0.04073189419266226
0.04574047833484108
0.050430083279075666
0.054812292582123334
0.058894380625387044
0.06267964770517075
0.06616788725298527
0.06935584418009437
0.07223755637067086
0.07480452025908513
0.0770456786788612
0.07894728613742626
0.0804927547316979
0.08166261555618728
0.08243474023109056
0.08278495247499527
0.08268812107756132
0.0821197670583483
0.08105814597549753
0.07948669016720931
0.07739662518807403
0.07478951978979496
0.07167949813278734
0.0680948427035068
0.06407874952069899
0.059689062638174306
0.05499690770071094
0.05008425575531539
0.04504056718294104
0.03995877832477313
0.03493098667991391
0.030044252238121225
0.025376953075697532
0.020996107224108107
0.016955999274512298
0.013298333660625397
0.010053986556197205
0.007246258630313865
0.004895358399397126
0.003023688921001004
0.0016613869831538152
0.0008514892833733628
0.0006540857474455766
0.0011488719016452063
0.002435629352985106
0.004632338393404963
0.00787084553350124
0.012290252035717876
0.0180284342218048
0.025212327896666366
0.033947783945324876
0.04430990959709569
0.05633483509985392
0.07001378097734666
0.085290147435281
0.1020601143744138
0.12017694565011951
0.13945885939290378
0.15969998692172443
0.1806836278049347
0.20219674897544979
0.2240444987703998
0.24606343312490828
0.2681321929461681
0.2901785307371297
0.3121818518294459
0.33417079174526076
0.3562157679012899
0.3784168861083846
0.4008880114702637
0.4237381904919463
0.4470519009530149
0.470869779538032
0.49517151498830614
0.5198624887854706
0.5447655007396943
0.5696185503611447
0.5940791847107892
0.6177354065800138
0.6401226060957698
0.6607454789814798
0.6791034686216549
0.6947179539637282
0.7071592292694143
0.716071301293832
0.7211926679380976
