Harm. #	Coeff. a	Coeff. b	Amplitude	Phase
0	0.00315743	0.00000000	0.00315743	0.00000000
1	0.00198334	-0.00441051	0.00483594	-1.14820406
2	-0.00105602	0.00216782	0.00241135	-1.11749309
3	0.00207839	0.00283249	0.00351322	0.93776445
4	0.00111173	0.00959329	0.00965749	1.45542428
5	-0.02495463	-0.00611444	0.02569280	0.24028822
6	-0.01011932	-0.00076238	0.01014800	0.07519728
7	-0.00998470	-0.00246151	0.01028364	0.24170880
8	-0.00870518	-0.00118588	0.00878558	0.13539412
9	-0.02582137	0.02202603	0.03393949	-0.70624222
10	0.03516894	-0.03066419	0.04665991	-0.71707801
11	0.00766018	-0.01231236	0.01450078	-1.01424654
12	-0.00036879	-0.01293764	0.01294290	1.54229864
13	-0.00061316	-0.02839370	0.02840032	1.54920473
14	-0.00130989	-0.09839997	0.09840868	1.55748523
15	0.01128046	0.04003656	0.04159537	1.29616180
16	0.00929837	0.01686849	0.01926151	1.06701160
17	0.01053919	0.01945613	0.02212725	1.07435567
18	0.00309420	0.01366468	0.01401063	1.34811360
19	0.11341628	0.10940156	0.15758157	0.76738216
20	-0.00554383	-0.00344915	0.00652922	0.55655455
21	-0.00447204	-0.00469917	0.00648701	0.81015954
22	0.00916374	-0.00076816	0.00919588	-0.08363022
23	0.01756924	0.00108681	0.01760283	0.06178004
24	-0.13420237	0.02213904	0.13601623	-0.16349508
25	-0.01946222	0.01064345	0.02218245	-0.50044299
26	-0.01565222	0.00626078	0.01685791	-0.38050024
27	-0.01784159	0.01236727	0.02170879	-0.60612764
28	-0.03607585	0.03295413	0.04886146	-0.74020627
29	0.03648643	-0.07103512	0.07985767	-1.09629693
30	0.01168942	-0.02056715	0.02365693	-1.05397101
31	0.00712688	-0.01637398	0.01785776	-1.16027041
32	0.00612120	-0.01550576	0.01667027	-1.19480719
33	0.00269648	-0.03527323	0.03537615	-1.49449934
34	0.00615119	0.02102167	0.02190314	1.28613108
35	0.00006947	0.00614901	0.00614940	1.55949951
36	0.00153605	0.00299861	0.00336914	1.09739459
37	0.00121936	0.00081700	0.00146776	0.59031852
38	0.00283402	0.00838100	0.00884719	1.24471895
39	0.00569482	0.00047686	0.00571475	0.08354116
40	0.00380841	0.00019708	0.00381351	0.05170222
41	0.00236980	-0.00056908	0.00243717	-0.23567561
42	0.00372183	-0.00097837	0.00384827	-0.25705812
43	0.01505752	-0.01005132	0.01810409	-0.58859886
44	-0.00274947	0.00638946	0.00695592	-1.16443344
45	-0.00067868	0.00264870	0.00273427	-1.31995979
46	0.00073296	0.00300284	0.00309100	1.33139043
47	0.00121058	0.00273274	0.00298887	1.15378572
48	0.00007340	0.02171661	0.02171673	1.56741644
49	-0.00351152	-0.00072697	0.00358598	0.20413969
50	-0.00181699	0.00075129	0.00196618	-0.39207234
51	-0.00135883	0.00054396	0.00146366	-0.38077865
52	-0.00168933	0.00159036	0.00232015	-0.75523299
53	-0.01459515	-0.00663065	0.01603072	0.42642823
54	0.00048410	-0.00180887	0.00187253	-1.30930171
55	-0.00031473	-0.00156840	0.00159966	1.37275871
56	-0.00067589	-0.00064703	0.00093566	0.76358804
57	-0.00024312	-0.00045967	0.00052001	1.08430223
58	0.00530789	-0.00542402	0.00758905	-0.79621805
59	0.00170850	-0.00019201	0.00171925	-0.11191491
60	0.00094913	-0.00032903	0.00100455	-0.33369706
61	0.00052032	-0.00087331	0.00101656	-1.03346837
62	0.00095843	-0.00161342	0.00187662	-1.03477552
63	0.00019228	0.00330116	0.00330675	1.51261721
64	0.00012545	0.00120549	0.00121200	1.46710475
65	0.00015399	0.00065868	0.00067644	1.34113350
66	0.00073675	0.00106366	0.00129390	0.96501457
67	0.00065916	0.00226227	0.00235635	1.28727310
68	-0.00099764	-0.00051408	0.00112230	0.47581206
69	-0.00066289	0.00008386	0.00066817	-0.12583161
70	-0.00015018	0.00063413	0.00065167	-1.33825127
71	-0.00036109	0.00020586	0.00041564	-0.51814647
72	-0.00176496	-0.00052699	0.00184196	0.29016032
73	-0.00016030	-0.00070632	0.00072428	1.34762858
74	0.00016993	-0.00061562	0.00063864	-1.30146458
75	0.00017148	-0.00011112	0.00020433	-0.57499545
76	0.00025572	-0.00004971	0.00026050	-0.19200652
77	0.00084162	-0.00149448	0.00171517	-1.05790901
78	0.00043339	-0.00016100	0.00046233	-0.35568449
79	0.00021170	0.00020544	0.00029499	0.77038320
80	0.00020624	-0.00054235	0.00058024	-1.20741518
81	0.00014905	0.00023521	0.00027846	1.00597604
82	0.00126578	0.00184093	0.00223410	0.96845832
83	0.00091834	0.00199509	0.00219630	1.13940954
84	0.00000320	0.00004700	0.00004711	1.50283640
85	-0.00001033	0.00029639	0.00029657	-1.53594188
86	0.00052321	-0.00015741	0.00054638	-0.29224026
87	-0.00050425	0.00026089	0.00056774	-0.47745904
88	-0.00104368	0.00068265	0.00124711	-0.57924137
89	-0.00055697	0.00133383	0.00144545	-1.17523214
90	0.00015665	-0.00007128	0.00017210	-0.42702032
91	-0.00041987	-0.00039434	0.00057602	0.75404387
92	-0.00050711	0.00013708	0.00052531	-0.26400811
93	-0.00020751	-0.00004910	0.00021325	0.23235862
94	-0.00144795	-0.00107764	0.00180495	0.63981150
95	-0.00060727	0.00004868	0.00060922	-0.07999639
96	0.00018677	0.00049490	0.00052897	1.20993051
97	-0.00019373	-0.00030558	0.00036181	1.00578244
98	-0.00078763	-0.00021387	0.00081615	0.26514391
99	0.00015076	0.00049542	0.00051785	1.27538225
100	0.00041912	-0.00042190	0.00059469	-0.78869895
101	-0.00043428	0.00027127	0.00051204	-0.55834998
102	-0.00032360	-0.00039103	0.00050757	0.87947094
103	0.00100913	-0.00081644	0.00129805	-0.68023589
104	-0.00093331	-0.00140654	0.00168803	0.98495346
105	-0.00075427	-0.00091899	0.00118890	0.88352429
106	-0.00015834	0.00014397	0.00021401	-0.73791149
107	0.00005048	-0.00000232	0.00005053	-0.04591644
108	-0.00019715	0.00087542	0.00089735	-1.34928343
109	0.00064119	-0.00017757	0.00066533	-0.27016539
110	0.00190940	0.00000366	0.00190941	0.00191457
111	0.00034068	-0.00079710	0.00086685	-1.16689500
112	-0.00004976	-0.00064833	0.00065024	1.49420087
113	0.00024956	-0.00052201	0.00057860	-1.12484754
114	0.00021229	-0.00049507	0.00053866	-1.16569798
115	-0.00066804	-0.00017262	0.00068998	0.25286310
116	0.00036465	-0.00002556	0.00036555	-0.06998485
117	0.00012292	-0.00026042	0.00028797	-1.12978387
118	-0.00044332	0.00010043	0.00045456	-0.22277811
119	0.00011301	0.00029960	0.00032021	1.21008796
120	0.00104534	0.00006194	0.00104718	0.05918591
121	0.00033249	-0.00019627	0.00038609	-0.53325311
122	0.00015333	-0.00003894	0.00015820	-0.24867543
123	0.00037329	-0.00010236	0.00038707	-0.26762327
124	0.00038796	-0.00022563	0.00044880	-0.52676544
125	-0.00031687	0.00025242	0.00040512	-0.67266470
126	0.00026388	0.00011327	0.00028716	0.40545349
127	0.00047002	0.00027402	0.00054407	0.52782630
128	0.00020571	0.00010166	0.00022946	0.45899913
129	-0.00021229	0.00018219	0.00027975	-0.70922801
130	0.00016467	-0.00001309	0.00016519	-0.07931419
131	0.00016342	0.00023318	0.00028474	0.95951231
132	-0.00018666	0.00009704	0.00021038	-0.47941088
133	0.00017597	0.00026271	0.00031620	0.98061669
134	-0.00008520	-0.00034206	0.00035252	1.32669203
135	0.00008072	-0.00014762	0.00016825	-1.07040953
136	0.00021398	0.00029153	0.00036163	0.93761743
137	-0.00000124	-0.00009250	0.00009251	1.55738666
138	-0.00015029	0.00009823	0.00017954	-0.57891644
139	0.00012872	0.00005443	0.00013976	0.40001107
140	0.00020521	0.00022470	0.00030430	0.83068682
141	-0.00017045	-0.00003312	0.00017364	0.19193871
142	-0.00031734	0.00003059	0.00031881	-0.09610070
143	0.00035889	-0.00000109	0.00035890	-0.00302701
144	0.00022842	-0.00013287	0.00026426	-0.52685890
145	0.00036341	0.00013632	0.00038813	0.35886095
146	-0.00008067	0.00002411	0.00008420	-0.29042093
147	0.00017805	0.00009825	0.00020336	0.50420629
148	0.00010466	0.00004055	0.00011224	0.36963612
149	-0.00009645	0.00006100	0.00011413	-0.56395076
150	0.00016540	-0.00010708	0.00019703	-0.57457591
151	-0.00002074	-0.00002425	0.00003191	0.86317658
152	0.00022550	0.00009471	0.00024458	0.39762446
153	0.00013311	0.00015871	0.00020714	0.87290927
154	-0.00029912	0.00015029	0.00033475	-0.46559010
155	-0.00005693	-0.00008070	0.00009876	0.95636998
156	0.00007804	-0.00030762	0.00031737	-1.32234489
157	-0.00008454	0.00010934	0.00013821	-0.91265854
158	0.00001229	0.00029191	0.00029217	1.52870685
159	0.00002546	0.00011130	0.00011418	1.34594677
160	-0.00005800	0.00006658	0.00008830	-0.85413960
161	0.00001115	0.00027401	0.00027424	1.53011594
162	0.00003238	0.00001739	0.00003675	0.49293739
163	0.00010953	-0.00018305	0.00021331	-1.03157156
164	0.00002831	0.00014450	0.00014725	1.37730166
165	-0.00001207	0.00007182	0.00007283	-1.40423211
166	0.00012741	-0.00030084	0.00032671	-1.17017542
167	-0.00022522	-0.00015318	0.00027237	0.59725399
168	-0.00008725	-0.00005490	0.00010308	0.56164974
169	-0.00005405	-0.00002290	0.00005870	0.40077399
170	0.00004111	-0.00026632	0.00026947	-1.41762635
171	-0.00009193	0.00033304	0.00034550	-1.30146447
172	0.00016298	-0.00010869	0.00019590	-0.58817048
173	-0.00011470	-0.00014115	0.00018188	0.88840263
174	-0.00008249	0.00021159	0.00022711	-1.19905050
175	0.00014183	0.00039121	0.00041612	1.22299072
176	0.00001280	-0.00008697	0.00008791	-1.42470687
177	-0.00005960	-0.00023426	0.00024172	1.32167856
178	-0.00005883	0.00004559	0.00007443	-0.65920982
179	-0.00002198	-0.00008302	0.00008588	1.31193831
180	-0.00012267	-0.00008904	0.00015158	0.62784838
181	0.00003914	0.00018522	0.00018931	1.36252657
182	0.00023331	0.00010772	0.00025697	0.43255382
183	-0.00011680	-0.00007550	0.00013907	0.57383923
184	0.00001981	0.00002954	0.00003557	0.98017729
185	0.00029255	0.00010749	0.00031167	0.35210608
186	0.00016375	-0.00013390	0.00021153	-0.68545043
187	-0.00011741	-0.00011667	0.00016553	0.78224233
188	0.00016652	-0.00001597	0.00016729	-0.09559005
189	0.00008774	-0.00011778	0.00014687	-0.93056054
190	-0.00019200	-0.00017822	0.00026197	0.74818209
191	-0.00007373	0.00006494	0.00009825	-0.72203423
192	0.00004674	0.00013546	0.00014330	1.23854159
193	-0.00018846	0.00002493	0.00019010	-0.13150721
194	-0.00008205	0.00017863	0.00019658	-1.14020720
195	0.00024393	0.00015827	0.00029078	0.57556472
196	0.00006325	0.00003236	0.00007105	0.47287424
197	-0.00010327	0.00002530	0.00010632	-0.24027536
198	0.00011962	-0.00005875	0.00013327	-0.45655347
199	0.00011388	-0.00002533	0.00011666	-0.21885676
200	-0.00017695	0.00007059	0.00019051	-0.37957309
201	-0.00002935	0.00010989	0.00011375	-1.30980696
202	0.00016652	0.00005831	0.00017644	0.33679784
203	-0.00006623	0.00010391	0.00012322	-1.00335542
204	-0.00007483	0.00009465	0.00012065	-0.90181929
205	0.00021849	0.00002034	0.00021943	0.09283054
206	0.00001242	-0.00004377	0.00004550	-1.29440309
207	-0.00001782	0.00004799	0.00005119	-1.21519164
208	0.00005249	-0.00007944	0.00009522	-0.98687845
209	0.00018871	-0.00006563	0.00019979	-0.33468555
210	-0.00002440	-0.00006873	0.00007293	1.22971872
211	-0.00000229	0.00002835	0.00002844	-1.49024246
212	0.00012221	-0.00005626	0.00013454	-0.43141234
213	-0.00000591	0.00002388	0.00002460	-1.32815761
214	-0.00006538	0.00005492	0.00008539	-0.69867073
215	-0.00002745	0.00003511	0.00004457	-0.90726080
216	0.00004437	-0.00004761	0.00006508	-0.82055627
217	-0.00002103	0.00009163	0.00009401	-1.34517133
218	0.00002512	-0.00006507	0.00006975	-1.20243173
219	-0.00014415	-0.00017677	0.00022809	0.88671027
220	-0.00001143	-0.00001212	0.00001666	0.81452749
221	0.00010188	-0.00009045	0.00013624	-0.72603954
222	-0.00007163	-0.00003502	0.00007973	0.45473309
223	-0.00000357	0.00002834	0.00002857	-1.44535640
224	0.00002631	0.00006484	0.00006998	1.18539059
225	0.00006867	0.00009702	0.00011886	0.95488817
226	-0.00006299	-0.00000072	0.00006299	0.01149334
227	-0.00005216	0.00003593	0.00006334	-0.60325170
228	-0.00009024	-0.00002458	0.00009352	0.26589415
229	0.00006491	0.00007295	0.00009765	0.84370807
230	0.00006426	0.00013631	0.00015070	1.13026608
231	-0.00005395	-0.00001445	0.00005585	0.26172995
232	0.00004968	-0.00003381	0.00006010	-0.59758240
233	0.00003678	0.00010568	0.00011189	1.23589636
234	-0.00000948	-0.00004867	0.00004959	1.37845758
235	0.00006790	0.00006646	0.00009501	0.77465932
236	0.00004028	0.00007158	0.00008213	1.05820784
237	0.00001361	0.00006599	0.00006738	1.36732963
238	-0.00006850	0.00001666	0.00007050	-0.23852613
239	0.00001823	-0.00002974	0.00003489	-1.02101196
240	-0.00000284	0.00006924	0.00006930	-1.52983037
241	-0.00004905	0.00004190	0.00006451	-0.70693709
242	-0.00000135	-0.00000984	0.00000993	1.43420219
243	0.00006237	-0.00006862	0.00009273	-0.83309284
244	0.00013758	-0.00002198	0.00013932	-0.15840814
245	-0.00003858	-0.00001048	0.00003997	0.26515770
246	0.00011068	-0.00000996	0.00011113	-0.08973067
247	0.00006491	0.00001014	0.00006570	0.15493992
248	-0.00001956	0.00010955	0.00011128	-1.39411012
249	-0.00003812	-0.00004245	0.00005705	0.83909187
250	0.00013227	-0.00008885	0.00015934	-0.59147043
251	0.00004645	-0.00012767	0.00013585	-1.22183794
252	0.00000913	0.00003122	0.00003253	1.28642138
253	0.00007437	0.00000935	0.00007495	0.12506243
254	0.00008914	0.00003404	0.00009542	0.36479286
255	-0.00001325	0.00012048	0.00012121	-1.46129866
256	0.00000285	-0.00000140	0.00000318	-0.45626133
257	0.00015729	-0.00000865	0.00015753	-0.05494864
258	-0.00005090	0.00001580	0.00005330	-0.30097826
259	-0.00002473	-0.00002512	0.00003525	0.79313174
260	-0.00005839	-0.00009194	0.00010891	1.00496680
261	-0.00002492	-0.00007493	0.00007897	1.24973047
262	-0.00000914	0.00008164	0.00008215	-1.45933537
263	0.00006174	-0.00011193	0.00012783	-1.06672091
264	0.00005105	-0.00001600	0.00005350	-0.30371139
265	-0.00001473	0.00007654	0.00007794	-1.38067903
266	0.00000757	0.00015643	0.00015661	1.52245138
267	0.00007330	-0.00001811	0.00007550	-0.24222746
268	0.00005426	0.00009446	0.00010893	1.04935606
269	-0.00005070	0.00013525	0.00014444	-1.21217066
270	-0.00001709	-0.00008475	0.00008645	1.37178737
271	-0.00010121	-0.00003823	0.00010819	0.36113450
272	-0.00002343	-0.00002579	0.00003484	0.83348652
273	-0.00009359	-0.00005035	0.00010628	0.49357417
274	-0.00001909	-0.00012926	0.00013066	1.42419737
275	0.00001743	0.00000923	0.00001972	0.48717033
276	0.00016835	0.00014878	0.00022468	0.72376149
277	0.00007168	0.00007721	0.00010536	0.82254147
278	0.00007497	0.00006529	0.00009942	0.71648486
279	0.00005875	0.00015425	0.00016506	1.20687695
280	-0.00000013	0.00003085	0.00003085	-1.56656706
281	-0.00014492	-0.00009946	0.00017577	0.60146470
282	0.00000901	0.00000514	0.00001038	0.51786817
283	0.00005676	-0.00002800	0.00006329	-0.45822092
284	-0.00015107	0.00000532	0.00015116	-0.03522972
285	-0.00001206	0.00000079	0.00001209	-0.06557279
286	0.00011693	0.00007733	0.00014019	0.58433392
287	-0.00000466	0.00000310	0.00000560	-0.58782045
288	-0.00001513	0.00005185	0.00005401	-1.28695463
289	0.00009019	0.00008504	0.00012396	0.75602205
290	0.00005606	-0.00001582	0.00005825	-0.27499830
291	-0.00005271	-0.00003140	0.00006135	0.53729753
292	-0.00003954	-0.00004360	0.00005886	0.83418179
293	0.00002752	-0.00000657	0.00002830	-0.23425633
294	-0.00003794	-0.00012230	0.00012805	1.26996979
295	-0.00007959	0.00003944	0.00008883	-0.46007119
296	0.00007247	-0.00003822	0.00008193	-0.48529585
297	0.00005704	0.00004303	0.00007145	0.64626603
298	0.00009404	0.00012161	0.00015373	0.91255685
299	0.00014727	0.00008928	0.00017222	0.54500778
300	0.00011361	-0.00004893	0.00012370	-0.40665772
301	-0.00002559	0.00004940	0.00005564	-1.09291450
302	0.00003384	0.00001832	0.00003848	0.49634253
303	0.00001449	-0.00006442	0.00006603	-1.34958752
304	-0.00005222	-0.00003928	0.00006534	0.64491742
305	-0.00004769	0.00010057	0.00011130	-1.12801917
306	0.00006720	0.00000463	0.00006736	0.06878014
307	-0.00005802	0.00001465	0.00005984	-0.24734753
308	-0.00002808	0.00009509	0.00009915	-1.28364018
309	0.00002286	0.00000885	0.00002451	0.36952319
310	0.00005491	-0.00001982	0.00005838	-0.34637239
311	0.00002596	0.00002063	0.00003315	0.67153580
312	0.00002102	0.00003549	0.00004125	1.03620045
313	0.00003228	-0.00003158	0.00004516	-0.77456541
314	-0.00001745	0.00002756	0.00003262	-1.00642412
315	-0.00004685	-0.00003113	0.00005625	0.58637738
316	-0.00000700	-0.00002714	0.00002803	1.31848239
317	-0.00004324	-0.00003251	0.00005410	0.64463579
318	0.00005365	0.00003745	0.00006543	0.60948846
319	0.00002839	-0.00001765	0.00003343	-0.55623365
320	0.00002852	-0.00005159	0.00005895	-1.06572202
321	0.00001975	0.00004183	0.00004626	1.12964219
322	0.00009535	0.00005526	0.00011020	0.52523769
323	0.00001870	-0.00007592	0.00007819	-1.32932284
324	0.00000090	-0.00000020	0.00000093	-0.22003668
325	0.00005503	-0.00002717	0.00006138	-0.45861462
326	-0.00000357	0.00002720	0.00002743	-1.44038326
327	-0.00002014	0.00006357	0.00006668	-1.26391073
328	0.00003961	0.00001681	0.00004303	0.40138859
329	0.00000626	-0.00002138	0.00002228	-1.28582847
330	0.00001442	0.00003248	0.00003554	1.15310787
331	0.00004190	-0.00000027	0.00004190	-0.00641267
332	0.00004857	-0.00007650	0.00009062	-1.00513291
333	-0.00002022	-0.00003005	0.00003622	0.97851245
334	0.00000040	0.00003428	0.00003428	1.55902176
335	0.00001036	0.00002146	0.00002383	1.12105486
336	0.00001409	-0.00001732	0.00002233	-0.88800596
337	0.00002571	0.00007504	0.00007932	1.24072546
338	-0.00002931	-0.00000094	0.00002933	0.03199627
339	-0.00001300	-0.00000484	0.00001388	0.35653980
340	0.00003337	-0.00000828	0.00003438	-0.24309345
341	0.00006080	-0.00002509	0.00006578	-0.39141159
342	-0.00005788	-0.00004522	0.00007345	0.66324416
343	-0.00001016	0.00000990	0.00001419	-0.77253473
344	-0.00001450	0.00003239	0.00003549	-1.14974295
345	-0.00005756	-0.00001753	0.00006018	0.29568204
346	-0.00000697	-0.00006164	0.00006203	1.45815621
347	0.00004380	0.00003091	0.00005361	0.61454463
348	0.00001479	0.00001787	0.00002320	0.87943183
349	-0.00004868	0.00004979	0.00006963	-0.79669009
350	0.00004278	-0.00000302	0.00004289	-0.07048749
351	0.00000986	-0.00000329	0.00001039	-0.32211265
352	-0.00002006	0.00005361	0.00005724	-1.21263941
353	-0.00001817	-0.00002947	0.00003463	1.01825633
354	-0.00002142	-0.00002516	0.00003304	0.86550116
355	-0.00002291	-0.00005076	0.00005569	1.14690730
356	-0.00002541	0.00007032	0.00007477	-1.22410023
357	0.00001610	-0.00002676	0.00003123	-1.02902522
358	0.00002346	-0.00000526	0.00002404	-0.22056218
359	0.00006038	0.00004958	0.00007812	0.68747335
360	0.00010731	0.00004410	0.00011602	0.38992975
361	0.00001729	-0.00008004	0.00008189	-1.35807835
362	-0.00000265	0.00001224	0.00001252	-1.35778310
363	-0.00001010	0.00001806	0.00002069	-1.06081732
364	-0.00009872	0.00005335	0.00011222	-0.49547595
365	-0.00006099	-0.00000417	0.00006114	0.06823790
366	-0.00001803	0.00007884	0.00008088	-1.34598054
367	-0.00001263	-0.00001516	0.00001973	0.87601459
368	-0.00000342	-0.00001975	0.00002005	1.39916467
369	0.00005476	-0.00000459	0.00005496	-0.08369618
370	0.00007062	-0.00002983	0.00007666	-0.39972512
371	-0.00006369	-0.00002926	0.00007009	0.43061946
372	-0.00001972	0.00001424	0.00002433	-0.62540366
373	0.00005353	-0.00001510	0.00005562	-0.27503505
374	-0.00005061	0.00003656	0.00006244	-0.62564746
375	-0.00011508	0.00004289	0.00012281	-0.35676051
376	-0.00000459	0.00001937	0.00001990	-1.33829879
377	-0.00001367	-0.00001072	0.00001737	0.66522958
378	-0.00001106	-0.00000542	0.00001231	0.45542971
379	0.00002317	-0.00001200	0.00002609	-0.47787214
380	0.00003121	-0.00005822	0.00006606	-1.07872821
381	0.00000532	-0.00004590	0.00004621	-1.45548738
382	0.00004904	-0.00001681	0.00005184	-0.33020361
383	0.00001829	-0.00007332	0.00007556	-1.32633718
384	0.00000518	-0.00002968	0.00003013	-1.39807251
385	-0.00000337	0.00008337	0.00008344	-1.53037915
386	0.00002523	0.00003519	0.00004330	0.94880374
387	-0.00002635	0.00000185	0.00002641	-0.07004447
388	0.00001111	0.00000189	0.00001127	0.16847314
389	0.00001980	0.00007850	0.00008096	1.32373156
390	0.00002430	-0.00002419	0.00003428	-0.78313583
391	-0.00000809	-0.00002047	0.00002201	1.19446311
392	0.00002545	0.00002972	0.00003913	0.86267645
393	0.00002526	-0.00005452	0.00006009	-1.13685255
394	-0.00003080	-0.00000859	0.00003197	0.27188540
395	0.00004377	-0.00001158	0.00004527	-0.25857762
396	0.00004998	-0.00001213	0.00005143	-0.23810902
397	0.00002150	0.00003035	0.00003720	0.95443080
398	0.00003439	0.00006858	0.00007672	1.10596253
399	0.00004896	0.00000766	0.00004955	0.15527982
400	-0.00001579	0.00001459	0.00002150	-0.74581749
401	-0.00001465	0.00004309	0.00004551	-1.24301759
402	0.00006425	-0.00000647	0.00006457	-0.10035625
403	0.00000333	-0.00002241	0.00002265	-1.42347193
404	-0.00000869	-0.00005676	0.00005742	1.41885791
405	0.00001760	-0.00000921	0.00001987	-0.48212623
406	0.00000178	-0.00002767	0.00002772	-1.50643054
407	0.00000903	0.00002071	0.00002260	1.15960278
408	0.00003033	0.00004426	0.00005366	0.97006141
409	0.00004559	0.00003249	0.00005598	0.61911108
410	0.00002542	0.00003722	0.00004507	0.97169349
411	0.00003441	0.00005491	0.00006481	1.01098929
412	0.00005726	-0.00008121	0.00009937	-0.95666678
413	-0.00002474	0.00000694	0.00002570	-0.27346506
414	-0.00003093	-0.00000264	0.00003104	0.08508337
415	0.00001830	-0.00000564	0.00001915	-0.29898194
416	0.00000867	-0.00002894	0.00003020	-1.27982818
417	0.00001423	0.00004534	0.00004752	1.26669032
418	0.00001145	0.00006750	0.00006846	1.40270954
419	-0.00001390	0.00002941	0.00003253	-1.12915230
420	0.00000193	-0.00001504	0.00001516	-1.44290784
421	0.00005980	-0.00002132	0.00006349	-0.34248392
422	0.00007857	0.00000574	0.00007878	0.07289915
423	0.00001514	-0.00001281	0.00001983	-0.70238117
424	0.00003002	0.00002096	0.00003661	0.60963755
425	0.00003813	0.00005354	0.00006573	0.95197974
426	-0.00004390	0.00001639	0.00004686	-0.35728462
427	-0.00001204	0.00001808	0.00002172	-0.98331129
428	-0.00001828	0.00000413	0.00001874	-0.22219464
429	0.00001385	-0.00000943	0.00001676	-0.59780345
430	0.00000726	0.00000585	0.00000932	0.67802603
431	0.00000253	0.00002276	0.00002290	1.46014118
432	0.00000604	0.00002085	0.00002170	1.28893872
433	-0.00001391	0.00001538	0.00002073	-0.83558020
434	0.00000931	-0.00000826	0.00001244	-0.72586456
435	0.00004282	-0.00003261	0.00005382	-0.65073860
436	-0.00002273	0.00004649	0.00005175	-1.11599363
437	0.00000578	-0.00000277	0.00000641	-0.44693196
438	0.00006950	-0.00002245	0.00007304	-0.31246457
439	-0.00001648	-0.00002545	0.00003031	0.99622910
440	-0.00000280	0.00001432	0.00001459	-1.37778732
441	0.00002099	0.00003396	0.00003993	1.01715734
442	0.00001238	-0.00001339	0.00001824	-0.82440932
443	0.00001816	-0.00001893	0.00002624	-0.80611755
444	0.00003461	0.00000244	0.00003470	0.07040897
445	0.00002271	-0.00002893	0.00003678	-0.90537898
446	0.00004558	0.00002927	0.00005417	0.57088671
447	-0.00001693	0.00000182	0.00001703	-0.10680056
448	0.00001412	0.00004192	0.00004424	1.24602203
449	0.00000398	0.00002464	0.00002496	1.41086232
450	-0.00003425	0.00004527	0.00005677	-0.92307951
451	-0.00002783	0.00000173	0.00002788	-0.06216603
452	0.00001553	0.00001181	0.00001951	0.65021545
453	0.00000019	-0.00003856	0.00003856	-1.56593857
454	0.00006714	-0.00006095	0.00009068	-0.73708514
455	0.00008521	-0.00001114	0.00008593	-0.13004006
456	0.00001617	0.00005289	0.00005531	1.27410223
457	-0.00000980	-0.00005919	0.00005999	1.40677463
458	0.00001088	0.00006151	0.00006246	1.39569755
459	-0.00000047	-0.00002680	0.00002681	1.55314551
460	0.00001430	0.00003544	0.00003822	1.18734209
461	-0.00000197	0.00000857	0.00000879	-1.34478326
462	0.00001621	-0.00001879	0.00002482	-0.85914440
463	-0.00003282	-0.00002905	0.00004383	0.72441230
464	0.00002579	0.00000288	0.00002596	0.11134988
465	0.00001015	0.00001925	0.00002176	1.08560216
466	-0.00000298	0.00003697	0.00003709	-1.49039667
467	-0.00000333	0.00003367	0.00003383	-1.47231753
468	0.00002481	0.00002401	0.00003453	0.76897657
469	-0.00000948	-0.00002077	0.00002283	1.14261152
470	0.00003211	-0.00001459	0.00003527	-0.42639145
471	0.00001090	-0.00002846	0.00003047	-1.20497240
472	0.00002902	0.00001548	0.00003289	0.49013091
473	-0.00000560	0.00004696	0.00004729	-1.45214518
474	-0.00001445	0.00004163	0.00004407	-1.23676566
475	0.00003818	0.00003785	0.00005376	0.78106073
476	-0.00004986	0.00005811	0.00007657	-0.86162217
477	-0.00004175	0.00003378	0.00005371	-0.68029728
478	0.00002833	0.00003825	0.00004760	0.93320373
479	-0.00002761	0.00001036	0.00002949	-0.35893505
480	0.00000154	-0.00002282	0.00002287	-1.50336645
481	-0.00000004	-0.00002615	0.00002615	1.56921997
482	0.00003341	-0.00003799	0.00005059	-0.84941145
483	0.00007276	-0.00003496	0.00008072	-0.44795601
484	0.00002982	0.00002766	0.00004067	0.74785212
485	-0.00000677	0.00003719	0.00003780	-1.39074406
486	-0.00002746	0.00008337	0.00008778	-1.25256943
487	-0.00002860	0.00003867	0.00004809	-0.93403037
488	-0.00008980	0.00000213	0.00008982	-0.02376996
489	-0.00000492	-0.00001269	0.00001361	1.20082467
490	0.00000236	-0.00005520	0.00005525	-1.52801608
491	0.00000907	-0.00004327	0.00004421	-1.36415054
492	0.00004097	0.00004439	0.00006041	0.82550487
493	0.00003040	-0.00002305	0.00003815	-0.64870215
494	0.00001405	0.00002418	0.00002797	1.04451721
495	0.00002357	0.00000470	0.00002404	0.19693962
496	-0.00004390	0.00001953	0.00004805	-0.41858478
497	-0.00001115	-0.00002705	0.00002926	1.17991622
498	0.00003479	0.00000439	0.00003506	0.12554290
499	0.00003352	-0.00003232	0.00004656	-0.76714956
500	-0.00006418	-0.00000631	0.00006449	0.09801132
501	0.00003783	0.00003375	0.00005069	0.72838354
502	0.00000610	0.00003661	0.00003712	1.40577379
503	-0.00001911	0.00000441	0.00001962	-0.22687209
504	-0.00001117	0.00003466	0.00003642	-1.25907398
505	0.00009155	0.00007543	0.00011863	0.68916476
506	0.00007718	-0.00005100	0.00009250	-0.58392510
507	0.00003326	-0.00000920	0.00003451	-0.26998712
508	0.00001486	-0.00002867	0.00003230	-1.09262093
509	-0.00003501	-0.00002015	0.00004039	0.52222430
510	-0.00005373	0.00005318	0.00007560	-0.78030669
511	0.00007619	-0.00002791	0.00008115	-0.35117191
512	-0.00002925	-0.00002193	0.00003656	0.64321305
513	-0.00004120	-0.00002865	0.00005018	0.60769746
514	-0.00001052	0.00009610	0.00009667	-1.46175984
515	-0.00002393	-0.00010136	0.00010415	1.33895664
516	-0.00011315	-0.00004291	0.00012101	0.36251135
517	0.00001040	0.00002969	0.00003146	1.23371370
518	0.00001508	0.00003325	0.00003651	1.14508948
519	0.00001523	0.00002749	0.00003143	1.06479083
520	0.00006641	-0.00002733	0.00007181	-0.39048450
521	0.00002271	-0.00000685	0.00002372	-0.29290004
522	-0.00001927	-0.00003291	0.00003814	1.04102519
523	-0.00001623	0.00001104	0.00001963	-0.59718559
524	0.00000577	-0.00001310	0.00001431	-1.15598164
525	-0.00002913	0.00005349	0.00006091	-1.07221800
526	-0.00003274	-0.00000147	0.00003278	0.04490320
527	0.00010432	0.00000532	0.00010446	0.05093052
528	0.00001613	0.00001621	0.00002287	0.78781109
529	0.00001383	0.00001036	0.00001728	0.64293470
530	-0.00004277	-0.00000717	0.00004336	0.16617522
531	0.00000725	0.00004550	0.00004608	1.41270455
532	-0.00001632	0.00001446	0.00002181	-0.72486921
533	-0.00006795	-0.00000053	0.00006795	0.00780802
534	-0.00001779	0.00002880	0.00003385	-1.01736784
535	-0.00000071	0.00003145	0.00003146	-1.54824680
536	0.00001792	-0.00000319	0.00001820	-0.17625573
537	-0.00001792	-0.00004350	0.00004705	1.18014847
538	-0.00003028	-0.00001578	0.00003414	0.48052693
539	0.00000201	-0.00002562	0.00002570	-1.49264721
540	-0.00004397	-0.00002668	0.00005143	0.54535604
541	0.00004595	-0.00000298	0.00004605	-0.06481497
542	-0.00006729	0.00000698	0.00006765	-0.10331481
543	0.00003349	0.00001612	0.00003717	0.44863817
544	0.00000952	0.00001874	0.00002102	1.10083142
545	-0.00001691	-0.00000979	0.00001954	0.52489523
546	-0.00003689	-0.00002592	0.00004508	0.61247226
547	0.00000427	-0.00003322	0.00003349	-1.44299809
548	-0.00001197	-0.00001461	0.00001889	0.88435076
549	-0.00001386	-0.00005928	0.00006087	1.34118055
550	0.00008170	-0.00000354	0.00008178	-0.04326710
551	-0.00001152	0.00000540	0.00001272	-0.43812637
552	0.00005673	-0.00000370	0.00005685	-0.06513291
553	0.00000710	0.00001956	0.00002081	1.22247145
554	0.00008658	0.00002224	0.00008939	0.25143850
555	-0.00002522	0.00001337	0.00002855	-0.48755490
556	-0.00001536	0.00000164	0.00001545	-0.10630064
557	0.00001316	-0.00002986	0.00003263	-1.15570460
558	-0.00004059	-0.00001275	0.00004254	0.30428024
559	0.00001656	-0.00003611	0.00003973	-1.14086473
560	0.00000494	0.00001767	0.00001834	1.29838908
561	0.00000765	0.00003590	0.00003671	1.36077210
562	-0.00007516	-0.00002595	0.00007951	0.33242208
563	0.00004046	0.00001541	0.00004330	0.36378428
564	0.00000437	-0.00002779	0.00002813	-1.41482481
565	0.00000724	0.00007783	0.00007816	1.47808358
566	0.00000789	-0.00000642	0.00001017	-0.68322931
567	-0.00002366	-0.00000553	0.00002430	0.22952165
568	0.00003869	0.00003841	0.00005452	0.78178568
569	0.00001557	0.00003422	0.00003760	1.14368909
570	0.00003957	-0.00001729	0.00004318	-0.41191001
571	-0.00003301	0.00002016	0.00003868	-0.54828856
572	0.00002257	0.00002472	0.00003347	0.83093532
573	0.00004354	-0.00003615	0.00005659	-0.69298036
574	0.00004300	-0.00004364	0.00006127	-0.79274883
575	0.00002323	-0.00001511	0.00002771	-0.57668847
576	0.00001966	0.00005038	0.00005408	1.19865678
577	0.00002510	0.00003470	0.00004283	0.94463368
578	0.00004689	0.00003818	0.00006047	0.68335469
579	0.00002723	0.00002722	0.00003850	0.78517938
580	-0.00004056	0.00001160	0.00004218	-0.27859760
581	-0.00000275	0.00004609	0.00004617	-1.51123400
582	-0.00001276	-0.00006395	0.00006521	1.37386901
583	-0.00004742	0.00000088	0.00004743	-0.01855713
584	0.00001190	-0.00002910	0.00003144	-1.18255764
585	-0.00005948	0.00003442	0.00006872	-0.52463431
586	0.00008716	-0.00006704	0.00010996	-0.65564454
587	0.00003035	-0.00000001	0.00003035	-0.00032338
588	0.00003388	0.00003954	0.00005207	0.86226665
589	0.00000433	0.00001872	0.00001921	1.34328448
590	0.00002205	-0.00000671	0.00002305	-0.29547503
591	-0.00002371	-0.00003873	0.00004541	1.02138793
592	-0.00005349	0.00001337	0.00005514	-0.24490219
593	-0.00001056	0.00003674	0.00003822	-1.29088797
594	-0.00003913	0.00001461	0.00004177	-0.35735647
595	0.00001353	-0.00000568	0.00001467	-0.39754453
596	0.00002790	0.00001589	0.00003211	0.51778604
597	0.00000323	-0.00000425	0.00000534	-0.92046823
598	0.00003625	0.00000233	0.00003633	0.06416316
599	0.00000750	0.00007666	0.00007702	1.47332656
600	0.00004038	0.00005307	0.00006668	0.92043561
601	0.00000709	-0.00001151	0.00001352	-1.01862711
602	0.00002441	0.00003198	0.00004023	0.91893683
603	-0.00004922	-0.00001831	0.00005252	0.35610308
604	0.00003214	0.00000799	0.00003312	0.24354977
605	-0.00003051	-0.00001331	0.00003329	0.41133504
606	-0.00002668	-0.00002204	0.00003461	0.69046163
607	-0.00005802	-0.00000576	0.00005831	0.09902380
608	0.00002537	-0.00000955	0.00002711	-0.35994442
609	0.00001873	-0.00000574	0.00001959	-0.29745615
610	0.00000273	-0.00001314	0.00001342	-1.36575277
611	-0.00001950	0.00001327	0.00002359	-0.59745877
612	0.00001079	-0.00006587	0.00006675	-1.40836595
613	0.00006317	-0.00000686	0.00006354	-0.10814419
614	0.00000926	0.00002558	0.00002721	1.22335207
615	-0.00003767	0.00008225	0.00009047	-1.14134406
616	-0.00000824	0.00001771	0.00001953	-1.13543707
617	-0.00001378	0.00006169	0.00006321	-1.35108747
618	0.00002324	0.00002035	0.00003089	0.71921451
619	0.00002013	0.00001327	0.00002411	0.58277359
620	-0.00004394	-0.00000273	0.00004402	0.06206112
621	0.00002689	-0.00003796	0.00004652	-0.95448555
622	-0.00002237	0.00000129	0.00002241	-0.05775126
623	0.00002680	-0.00000874	0.00002819	-0.31512248
624	0.00000523	-0.00002424	0.00002480	-1.35840776
625	0.00000614	0.00005951	0.00005983	1.46802502
626	0.00001419	0.00003410	0.00003694	1.17649658
627	0.00001970	-0.00000343	0.00002000	-0.17245328
628	-0.00001484	-0.00003911	0.00004183	1.20811443
629	0.00000751	0.00000968	0.00001225	0.91109538
630	0.00002276	-0.00006685	0.00007062	-1.24262402
631	0.00004194	0.00002783	0.00005033	0.58586165
632	-0.00000427	0.00000959	0.00001050	-1.15183915
633	-0.00004174	-0.00000987	0.00004289	0.23224605
634	0.00000223	-0.00000763	0.00000795	-1.28594299
635	0.00004556	0.00001787	0.00004894	0.37376364
636	0.00007606	-0.00002717	0.00008076	-0.34304748
637	-0.00001650	-0.00002221	0.00002767	0.93183227
638	-0.00000186	0.00008207	0.00008209	-1.54811514
639	-0.00001783	0.00001374	0.00002251	-0.65665767
640	0.00000447	-0.00005109	0.00005129	-1.48356972
641	0.00000568	0.00002180	0.00002253	1.31572876
642	-0.00003340	-0.00002671	0.00004276	0.67456792
643	0.00000820	0.00003986	0.00004070	1.36785142
644	-0.00001944	-0.00000465	0.00001998	0.23502710
645	-0.00003833	0.00000305	0.00003845	-0.07952735
646	-0.00000527	0.00002079	0.00002144	-1.32256200
647	0.00003620	0.00008118	0.00008889	1.15132312
648	0.00002687	-0.00003262	0.00004227	-0.88177399
649	-0.00000121	-0.00002869	0.00002871	1.52880973
650	-0.00003654	-0.00001998	0.00004164	0.50036176
651	0.00000877	-0.00002112	0.00002287	-1.17697104
652	0.00000685	0.00001471	0.00001622	1.13495489
653	0.00000894	-0.00002513	0.00002667	-1.22901002
654	-0.00003292	0.00006109	0.00006940	-1.07654338
655	0.00001035	0.00000332	0.00001087	0.31008444
656	-0.00002167	0.00003441	0.00004067	-1.00877835
657	0.00002267	0.00003118	0.00003855	0.94213878
658	-0.00002037	0.00003489	0.00004040	-1.04229574
659	-0.00001657	-0.00003488	0.00003861	1.12727115
660	0.00000488	0.00003319	0.00003355	1.42482424
661	0.00003023	-0.00004116	0.00005107	-0.93728727
662	-0.00001171	0.00000568	0.00001301	-0.45184656
663	0.00001719	0.00001099	0.00002040	0.56900798
664	0.00003358	0.00005106	0.00006111	0.98897231
665	0.00001685	0.00002299	0.00002851	0.93835626
666	-0.00000221	0.00005438	0.00005443	-1.53018036
667	0.00000891	0.00004227	0.00004320	1.36299964
668	-0.00000169	0.00002135	0.00002142	-1.49200001
669	-0.00002294	-0.00002967	0.00003750	0.91262036
670	-0.00000518	0.00000850	0.00000995	-1.02348070
671	-0.00002094	-0.00002724	0.00003436	0.91552123
672	-0.00000694	-0.00003862	0.00003924	1.39297290
673	0.00000597	0.00002858	0.00002920	1.36476077
674	0.00003241	-0.00003662	0.00004890	-0.84639408
675	0.00004411	0.00001491	0.00004657	0.32596157
676	0.00000636	0.00003688	0.00003742	1.40004826
677	0.00002814	0.00005406	0.00006095	1.09085068
678	0.00001138	-0.00000530	0.00001255	-0.43605978
679	-0.00001418	0.00000523	0.00001511	-0.35331549
680	0.00000256	0.00002081	0.00002097	1.44835204
681	0.00000421	-0.00001242	0.00001311	-1.24376048
682	-0.00001198	-0.00003774	0.00003959	1.26344643
683	0.00003009	-0.00000842	0.00003124	-0.27287429
684	0.00003194	-0.00000615	0.00003253	-0.19015230
685	0.00003326	-0.00003307	0.00004690	-0.78239347
686	0.00000055	0.00001040	0.00001042	1.51761785
687	0.00002562	-0.00001652	0.00003049	-0.57261620
688	-0.00001880	0.00002528	0.00003151	-0.93143224
689	0.00002943	0.00003665	0.00004700	0.89415403
690	-0.00005064	0.00005193	0.00007253	-0.79798564
691	-0.00001159	-0.00000674	0.00001340	0.52672686
692	-0.00000239	-0.00001132	0.00001157	1.36268606
693	0.00002244	-0.00002442	0.00003316	-0.82772452
694	0.00003921	-0.00001888	0.00004352	-0.44868919
695	0.00004159	0.00003682	0.00005555	0.72465596
696	0.00003634	0.00004870	0.00006076	0.92966427
697	0.00002125	-0.00003210	0.00003849	-0.98599886
698	0.00001702	0.00000287	0.00001726	0.16705206
699	-0.00000989	0.00001478	0.00001779	-0.98111477
700	-0.00000312	-0.00001904	0.00001930	1.40833465
701	-0.00002806	-0.00001435	0.00003151	0.47271227
702	0.00001633	-0.00002029	0.00002604	-0.89330096
703	-0.00001296	-0.00003860	0.00004071	1.24689976
704	0.00000284	0.00003556	0.00003568	1.49119683
705	0.00006312	0.00001361	0.00006458	0.21234545
706	0.00002538	-0.00001152	0.00002787	-0.42622750
707	0.00002389	-0.00003876	0.00004553	-1.01839699
708	-0.00002807	-0.00001826	0.00003348	0.57666595
709	0.00003955	0.00000616	0.00004003	0.15462109
710	0.00000825	-0.00000311	0.00000881	-0.36057813
711	-0.00000048	-0.00000323	0.00000326	1.42448881
712	-0.00000386	0.00001871	0.00001910	-1.36749376
713	-0.00001658	-0.00001462	0.00002211	0.72279519
714	0.00001504	0.00000548	0.00001601	0.34925300
715	-0.00001561	0.00000016	0.00001561	-0.01035508
716	-0.00000391	-0.00001870	0.00001911	1.36465767
717	-0.00000898	-0.00001559	0.00001799	1.04815478
718	0.00001884	0.00003099	0.00003627	1.02463452
719	-0.00000497	0.00001380	0.00001467	-1.22473645
720	-0.00001890	-0.00001766	0.00002587	0.75170971
721	0.00002614	-0.00000313	0.00002633	-0.11922478
722	0.00000596	0.00001656	0.00001760	1.22501975
723	0.00000676	-0.00002056	0.00002164	-1.25317536
724	0.00003114	0.00001455	0.00003437	0.43722473
725	0.00000260	0.00000431	0.00000503	1.02860856
726	0.00000448	-0.00001090	0.00001179	-1.18052209
727	0.00002292	-0.00001655	0.00002828	-0.62544307
728	-0.00001279	0.00001865	0.00002262	-0.96946520
729	0.00003429	0.00000235	0.00003437	0.06850908
730	0.00002084	0.00001180	0.00002395	0.51520945
731	0.00001921	0.00000291	0.00001943	0.15036942
732	-0.00002279	0.00001125	0.00002541	-0.45841526
733	-0.00000619	0.00000318	0.00000696	-0.47482190
734	-0.00000515	-0.00000354	0.00000625	0.60231765
735	-0.00001327	-0.00002698	0.00003007	1.11379974
736	0.00002646	-0.00001205	0.00002907	-0.42729315
737	0.00002468	0.00002150	0.00003273	0.71648007
738	-0.00000531	-0.00002726	0.00002777	1.37823507
739	0.00004860	0.00000038	0.00004860	0.00788479
740	0.00000978	-0.00000029	0.00000979	-0.02947528
741	0.00000816	-0.00000949	0.00001252	-0.86064271
742	0.00001065	0.00000354	0.00001122	0.32079215
743	-0.00000845	0.00000432	0.00000949	-0.47213862
744	-0.00002827	-0.00001319	0.00003119	0.43657918
745	0.00000119	0.00000223	0.00000252	1.08128493
746	0.00000263	0.00003440	0.00003450	1.49456891
747	0.00001702	0.00001551	0.00002303	0.73894725
748	0.00000165	-0.00000486	0.00000513	-1.24395555
749	-0.00000564	0.00000084	0.00000570	-0.14808586
750	0.00000406	0.00001046	0.00001122	1.20106655
751	-0.00002263	-0.00001170	0.00002547	0.47703823
752	0.00000929	0.00002511	0.00002678	1.21633228
753	0.00002860	0.00004026	0.00004938	0.95314749
754	0.00002196	0.00001677	0.00002763	0.65212521
755	-0.00000555	0.00001786	0.00001870	-1.26930047
756	-0.00001135	0.00000624	0.00001295	-0.50271006
757	-0.00001477	0.00000410	0.00001533	-0.27095719
758	-0.00001074	0.00001862	0.00002150	-1.04767953
759	-0.00001578	0.00001424	0.00002126	-0.73435399
760	-0.00000358	-0.00005120	0.00005133	1.50094545
761	-0.00000173	-0.00002115	0.00002122	1.48915523
762	0.00002299	0.00002707	0.00003551	0.86665135
763	0.00001528	0.00001307	0.00002010	0.70776273
764	0.00000840	0.00001916	0.00002092	1.15775148
765	0.00000424	0.00005010	0.00005028	1.48633667
766	-0.00000120	0.00003429	0.00003431	-1.53591373
767	-0.00002969	0.00000313	0.00002986	-0.10499963
768	-0.00003298	0.00001629	0.00003678	-0.45872672
769	0.00001155	0.00001506	0.00001898	0.91670892
770	-0.00003375	0.00001615	0.00003741	-0.44619258
771	0.00000612	0.00000215	0.00000649	0.33738709
772	0.00001030	0.00000687	0.00001238	0.58830512
773	-0.00001766	-0.00001099	0.00002080	0.55661581
774	0.00000710	0.00000714	0.00001007	0.78801677
775	-0.00000741	0.00003577	0.00003653	-1.36644785
776	0.00002962	0.00002985	0.00004205	0.78924793
777	-0.00006392	0.00001799	0.00006640	-0.27438266
778	-0.00001728	-0.00001583	0.00002343	0.74179527
779	-0.00000766	0.00001776	0.00001934	-1.16377137
780	-0.00000991	0.00001378	0.00001697	-0.94735730
781	0.00000680	-0.00001960	0.00002075	-1.23663601
782	-0.00000881	-0.00002834	0.00002967	1.26951041
783	-0.00002789	-0.00000092	0.00002790	0.03314355
784	-0.00000421	-0.00001031	0.00001113	1.18310976
785	0.00005022	0.00003937	0.00006382	0.66485811
786	-0.00001237	-0.00002676	0.00002948	1.13776599
787	-0.00000886	-0.00001373	0.00001634	0.99767975
788	-0.00001603	-0.00002004	0.00002566	0.89600271
789	0.00000724	-0.00000644	0.00000969	-0.72678279
790	0.00002859	0.00000105	0.00002861	0.03667076
791	0.00000678	0.00000591	0.00000899	0.71649497
792	0.00002251	0.00001573	0.00002746	0.61000672
793	-0.00002710	-0.00000409	0.00002740	0.14963890
794	-0.00003572	-0.00001263	0.00003789	0.33987498
795	0.00001920	-0.00000990	0.00002160	-0.47627500
796	0.00000182	0.00001299	0.00001312	1.43122296
797	0.00000757	0.00000063	0.00000760	0.08265517
798	-0.00002798	0.00003097	0.00004174	-0.83609187
799	0.00001167	-0.00000613	0.00001318	-0.48334148
800	0.00001470	0.00004126	0.00004380	1.22857672
801	0.00001085	0.00001724	0.00002037	1.00907583
802	-0.00001412	-0.00002701	0.00003048	1.08901388
803	-0.00002651	-0.00000966	0.00002822	0.34939264
804	0.00002405	0.00001132	0.00002658	0.44000499
805	0.00003269	-0.00001526	0.00003607	-0.43677634
806	0.00004840	-0.00001919	0.00005206	-0.37745410
807	0.00000982	0.00000291	0.00001025	0.28816951
808	0.00001445	0.00002712	0.00003073	1.08118655
809	-0.00000920	-0.00002713	0.00002865	1.24389250
810	-0.00002080	0.00002900	0.00003568	-0.94857504
811	-0.00003527	-0.00000771	0.00003610	0.21531808
812	-0.00000696	0.00001189	0.00001377	-1.04099843
813	0.00000171	0.00002198	0.00002205	1.49320727
814	0.00002706	0.00002049	0.00003395	0.64799754
815	-0.00000626	0.00001057	0.00001229	-1.03654105
816	-0.00000072	0.00000944	0.00000947	-1.49470883
817	0.00001232	0.00001775	0.00002161	0.96408464
818	0.00002007	-0.00003154	0.00003738	-1.00415604
819	-0.00003287	-0.00002252	0.00003984	0.60073255
820	-0.00002430	0.00003437	0.00004209	-0.95535053
821	-0.00001055	0.00002074	0.00002327	-1.10044461
822	0.00001976	-0.00001797	0.00002671	-0.73780369
823	0.00000476	-0.00002847	0.00002887	-1.40532880
824	-0.00001382	0.00000973	0.00001690	-0.61372888
825	-0.00001943	0.00000467	0.00001998	-0.23598859
826	-0.00000432	0.00003404	0.00003431	-1.44446613
827	-0.00001562	-0.00001904	0.00002463	0.88391744
828	0.00000300	0.00000619	0.00000688	1.11910578
829	0.00004009	0.00001672	0.00004344	0.39504047
830	0.00001990	0.00002541	0.00003227	0.90639971
831	0.00001932	-0.00000183	0.00001941	-0.09419510
832	-0.00000759	0.00002811	0.00002912	-1.30717203
833	-0.00000960	-0.00000206	0.00000982	0.21117649
834	0.00001255	-0.00002225	0.00002555	-1.05725152
835	0.00001291	0.00000003	0.00001291	0.00236102
836	0.00001707	0.00002243	0.00002819	0.92021100
837	0.00003446	-0.00000531	0.00003487	-0.15302730
838	0.00001056	-0.00002759	0.00002954	-1.20522923
839	0.00001079	-0.00000285	0.00001116	-0.25805126
840	-0.00001773	-0.00002069	0.00002724	0.86234210
841	0.00002064	0.00000303	0.00002086	0.14556953
842	0.00001796	0.00000611	0.00001897	0.32768333
843	0.00000752	-0.00001993	0.00002130	-1.20989827
844	-0.00000233	-0.00001620	0.00001636	1.42816754
845	0.00001028	0.00000481	0.00001135	0.43753065
846	0.00000551	0.00001461	0.00001562	1.20998968
847	0.00001688	0.00000409	0.00001736	0.23754486
848	0.00002775	-0.00001283	0.00003057	-0.43301623
849	0.00000881	0.00000233	0.00000911	0.25872700
850	0.00001313	0.00000557	0.00001426	0.40140991
851	0.00001044	0.00000169	0.00001057	0.16008057
852	0.00002617	0.00002678	0.00003744	0.79688979
853	0.00000316	0.00001730	0.00001759	1.39026885
854	0.00001391	0.00000073	0.00001392	0.05260622
855	0.00001914	0.00003179	0.00003711	1.02884237
856	0.00000840	0.00003661	0.00003756	1.34532931
857	-0.00002166	-0.00000460	0.00002214	0.20908495
858	0.00001765	-0.00001485	0.00002307	-0.69931823
859	0.00003594	-0.00001373	0.00003847	-0.36495989
860	0.00004336	0.00002808	0.00005166	0.57466871
861	0.00002792	0.00000396	0.00002820	0.14096688
862	0.00003616	-0.00002993	0.00004694	-0.69147875
863	-0.00001111	-0.00000898	0.00001429	0.67942409
864	0.00000395	0.00000044	0.00000397	0.11205120
865	-0.00000831	0.00004276	0.00004356	-1.37893913
866	-0.00002338	-0.00001495	0.00002775	0.56877865
867	0.00000805	0.00001337	0.00001560	1.02882042
868	-0.00001674	-0.00001669	0.00002364	0.78386025
869	0.00000231	0.00001517	0.00001535	1.41942373
870	-0.00000527	0.00001799	0.00001874	-1.28583144
871	-0.00002357	0.00000939	0.00002537	-0.37890077
872	-0.00001389	0.00002323	0.00002706	-1.03196568
873	-0.00000344	-0.00001526	0.00001564	1.34884205
874	0.00005343	-0.00000424	0.00005360	-0.07921964
875	0.00003451	0.00001358	0.00003709	0.37495853
876	-0.00000649	-0.00000329	0.00000728	0.46980022
877	0.00000245	0.00007314	0.00007318	1.53735208
878	-0.00000050	0.00001819	0.00001819	-1.54318291
879	-0.00000457	0.00002936	0.00002971	-1.41641770
880	-0.00003590	0.00003633	0.00005107	-0.79144387
881	-0.00003708	0.00000447	0.00003735	-0.12008104
882	0.00003847	-0.00001282	0.00004055	-0.32174185
883	0.00001771	-0.00000638	0.00001882	-0.34554685
884	0.00002782	-0.00000127	0.00002785	-0.04565078
885	0.00001178	0.00002193	0.00002489	1.07793905
886	-0.00000419	-0.00001090	0.00001168	1.20378742
887	0.00001756	-0.00000119	0.00001760	-0.06776090
888	0.00000854	0.00000399	0.00000942	0.43702163
889	0.00001894	-0.00002586	0.00003206	-0.93873732
890	0.00001201	-0.00001333	0.00001794	-0.83761047
891	0.00002612	-0.00001399	0.00002963	-0.49174346
892	0.00001912	0.00000980	0.00002149	0.47378210
893	-0.00003719	0.00000760	0.00003796	-0.20160386
894	0.00001652	0.00003314	0.00003703	1.10841865
895	-0.00000802	-0.00000385	0.00000890	0.44700226
896	-0.00000100	-0.00000076	0.00000126	0.65078445
897	-0.00002099	-0.00001747	0.00002731	0.69420687
898	0.00000852	0.00000966	0.00001288	0.84773976
899	0.00001319	0.00000009	0.00001319	0.00707289
900	-0.00000339	-0.00003131	0.00003150	1.46281817
901	0.00000486	0.00001576	0.00001649	1.27175993
902	0.00001253	-0.00000314	0.00001292	-0.24572635
903	0.00001839	-0.00000724	0.00001976	-0.37511268
904	0.00000549	0.00000296	0.00000624	0.49509421
905	-0.00000690	-0.00001779	0.00001908	1.20085097
906	-0.00000349	-0.00000229	0.00000417	0.58125690
907	0.00003456	-0.00001814	0.00003903	-0.48351058
908	-0.00003131	0.00000416	0.00003158	-0.13220178
909	0.00002189	0.00001076	0.00002439	0.45674449
910	0.00001695	-0.00002584	0.00003090	-0.99003963
911	-0.00000039	0.00000794	0.00000795	-1.52179486
912	-0.00000002	-0.00003025	0.00003025	1.57018955
913	0.00001370	0.00001612	0.00002116	0.86649609
914	-0.00001729	-0.00000707	0.00001868	0.38847226
915	0.00000523	0.00000582	0.00000783	0.83939346
916	0.00002039	0.00001499	0.00002530	0.63389458
917	0.00003093	0.00000386	0.00003117	0.12431389
918	-0.00002971	-0.00000923	0.00003111	0.30126871
919	-0.00001427	-0.00000866	0.00001669	0.54539722
920	0.00001874	0.00001582	0.00002452	0.70109078
921	0.00000807	-0.00000258	0.00000847	-0.30980161
922	-0.00000897	-0.00001768	0.00001983	1.10125985
923	0.00000406	0.00003291	0.00003316	1.44795489
924	0.00000128	-0.00000739	0.00000750	-1.39976067
925	-0.00001744	0.00000848	0.00001939	-0.45282812
926	0.00000310	0.00000020	0.00000311	0.06574565
927	0.00002524	0.00000594	0.00002593	0.23109060
928	-0.00001055	0.00001128	0.00001545	-0.81912807
929	0.00000393	0.00001793	0.00001836	1.35484259
930	0.00003180	0.00004314	0.00005359	0.93556417
931	0.00002839	0.00000960	0.00002997	0.32596882
932	-0.00000836	0.00001651	0.00001851	-1.10222187
933	0.00001874	-0.00000211	0.00001886	-0.11209106
934	-0.00000438	-0.00002398	0.00002438	1.39011525
935	0.00001001	0.00000438	0.00001092	0.41267687
936	-0.00000157	-0.00000391	0.00000421	1.18978157
937	0.00000140	0.00002414	0.00002418	1.51283759
938	0.00002982	-0.00000833	0.00003096	-0.27239946
939	0.00000399	0.00001884	0.00001926	1.36200477
940	-0.00000504	0.00000628	0.00000805	-0.89425331
941	0.00002740	-0.00001953	0.00003365	-0.61915451
942	-0.00000852	0.00002763	0.00002892	-1.27186472
943	-0.00001154	-0.00000267	0.00001185	0.22761149
944	0.00001580	0.00003267	0.00003629	1.12036500
945	0.00001482	0.00004425	0.00004666	1.24750581
946	-0.00001712	0.00000248	0.00001730	-0.14383262
947	-0.00001067	-0.00001594	0.00001918	0.98120554
948	0.00002458	-0.00002265	0.00003342	-0.74452658
949	0.00002426	0.00001223	0.00002717	0.46705650
950	-0.00001310	-0.00000930	0.00001607	0.61749432
951	0.00001197	0.00001494	0.00001915	0.89531588
952	-0.00000230	0.00001180	0.00001202	-1.37848114
953	0.00000044	0.00003818	0.00003819	1.55937352
954	0.00002749	0.00001065	0.00002948	0.36961172
955	-0.00000337	0.00000961	0.00001018	-1.23327450
956	0.00003187	-0.00000204	0.00003194	-0.06378573
957	0.00003527	-0.00001996	0.00004052	-0.51504771
958	-0.00001498	0.00002377	0.00002810	-1.00863443
959	0.00000961	-0.00003196	0.00003338	-1.27860780
960	-0.00001448	-0.00000523	0.00001540	0.34652857
961	0.00000895	0.00001360	0.00001628	0.98869227
962	-0.00001103	0.00000867	0.00001403	-0.66602838
963	0.00002272	-0.00000613	0.00002353	-0.26361214
964	0.00000294	-0.00002481	0.00002499	-1.45290739
965	-0.00000868	0.00000130	0.00000878	-0.14901812
966	0.00001621	0.00000524	0.00001704	0.31265478
967	0.00002182	0.00001166	0.00002474	0.49097277
968	-0.00000577	0.00001578	0.00001680	-1.22011279
969	-0.00000583	-0.00001043	0.00001195	1.06125978
970	-0.00001658	0.00002966	0.00003398	-1.06118384
971	0.00001333	-0.00000181	0.00001345	-0.13525866
972	-0.00003016	-0.00000421	0.00003045	0.13856972
973	-0.00000022	-0.00000502	0.00000502	1.52639115
974	0.00000837	0.00000872	0.00001209	0.80612571
975	-0.00003038	0.00002327	0.00003827	-0.65353699
976	-0.00000296	0.00001416	0.00001447	-1.36447807
977	-0.00000392	0.00000281	0.00000482	-0.62088537
978	-0.00000438	-0.00001790	0.00001843	1.33066500
979	-0.00000620	-0.00002117	0.00002206	1.28579352
980	0.00000739	-0.00002507	0.00002613	-1.28412968
981	-0.00001232	0.00001270	0.00001769	-0.80070856
982	-0.00001180	-0.00000815	0.00001434	0.60446780
983	-0.00000331	0.00000311	0.00000454	-0.75392138
984	-0.00001279	0.00001612	0.00002058	-0.90029310
985	-0.00001370	-0.00000597	0.00001495	0.41116217
986	0.00001083	0.00000798	0.00001346	0.63499619
987	-0.00000136	-0.00001551	0.00001557	1.48330648
988	0.00000525	0.00001812	0.00001886	1.28886196
989	0.00001138	0.00000451	0.00001224	0.37716216
990	-0.00000179	0.00000813	0.00000833	-1.35434428
991	-0.00000593	-0.00001852	0.00001944	1.26074356
992	-0.00002610	0.00000033	0.00002610	-0.01255615
993	-0.00000051	0.00001119	0.00001120	-1.52487246
994	-0.00002854	0.00000397	0.00002882	-0.13836283
995	-0.00000397	-0.00000026	0.00000398	0.06607957
996	0.00000987	-0.00002014	0.00002243	-1.11525453
997	0.00000131	0.00000040	0.00000137	0.29821477
998	0.00000431	0.00001954	0.00002001	1.35365520
999	-0.00000656	-0.00000488	0.00000818	0.63903011
1000	-0.00000038	0.00000148	0.00000153	-1.31702190
1001	0.00002690	-0.00001685	0.00003174	-0.55957247
1002	0.00000130	-0.00000529	0.00000545	-1.33008101
1003	-0.00002055	0.00001506	0.00002548	-0.63247347
1004	-0.00004088	0.00002163	0.00004625	-0.48659375
1005	0.00000552	-0.00000691	0.00000885	-0.89641250
1006	-0.00000686	-0.00000847	0.00001090	0.89016226
1007	0.00000565	0.00000941	0.00001098	1.02988765
1008	-0.00000665	0.00000973	0.00001179	-0.97173169
1009	0.00000740	-0.00002692	0.00002791	-1.30251722
1010	-0.00001296	-0.00000702	0.00001474	0.49653920
1011	-0.00002783	-0.00000841	0.00002907	0.29348115
1012	0.00004526	-0.00000259	0.00004533	-0.05709329
1013	0.00000999	-0.00003127	0.00003283	-1.26157709
1014	0.00000818	0.00001483	0.00001694	1.06681698
1015	0.00000827	-0.00001630	0.00001828	-1.10114218
1016	0.00002568	0.00001281	0.00002870	0.46258403
1017	-0.00000494	0.00003423	0.00003458	-1.42743639
1018	-0.00001916	-0.00000273	0.00001935	0.14150440
1019	-0.00001069	-0.00001443	0.00001796	0.93315296
1020	0.00000481	0.00000073	0.00000487	0.15041763
1021	-0.00002029	-0.00000856	0.00002203	0.39931242
1022	0.00000058	-0.00000528	0.00000531	-1.46077847
1023	0.00000076	0.00002573	0.00002574	1.54120811
1024	-0.00000515	0.00002670	0.00002719	-1.38014900
1025	0.00002813	-0.00002173	0.00003555	-0.65782099
1026	0.00001074	0.00000910	0.00001407	0.70276104
1027	0.00000039	-0.00000920	0.00000921	-1.52816925
1028	0.00000732	-0.00000689	0.00001005	-0.75550713
1029	-0.00003113	0.00004963	0.00005858	-1.01063243
1030	-0.00003613	-0.00000374	0.00003633	0.10308284
1031	-0.00001332	-0.00000605	0.00001463	0.42592880
1032	-0.00000138	-0.00001180	0.00001188	1.45429461
1033	0.00001292	0.00001875	0.00002277	0.96756598
1034	0.00002141	-0.00003355	0.00003980	-1.00286112
1035	0.00000480	0.00001123	0.00001222	1.16688009
1036	0.00001340	-0.00003163	0.00003435	-1.16999112
1037	0.00000781	-0.00000516	0.00000936	-0.58411854
1038	0.00002391	0.00001152	0.00002654	0.44902664
1039	-0.00003425	-0.00002432	0.00004200	0.61744101
1040	0.00000468	0.00000870	0.00000988	1.07713606
1041	-0.00000750	-0.00002275	0.00002396	1.25242552
1042	0.00000279	0.00002166	0.00002184	1.44255619
1043	-0.00001425	0.00001164	0.00001840	-0.68489598
1044	-0.00003986	-0.00001485	0.00004254	0.35670456
1045	0.00000143	-0.00001011	0.00001021	-1.42986607
1046	0.00001182	-0.00001390	0.00001825	-0.86605250
1047	-0.00000533	-0.00000268	0.00000596	0.46538830
1048	-0.00000116	0.00000545	0.00000557	-1.36188719
1049	0.00000092	-0.00000958	0.00000962	-1.47525516
1050	0.00001283	0.00001633	0.00002077	0.90460139
1051	0.00000505	0.00000368	0.00000625	0.62937515
1052	0.00000640	0.00002292	0.00002379	1.29837633
1053	0.00001639	0.00001991	0.00002579	0.88202582
1054	-0.00000500	-0.00000454	0.00000675	0.73718065
1055	-0.00000643	0.00003827	0.00003881	-1.40438698
1056	0.00000282	-0.00000955	0.00000996	-1.28328642
1057	0.00001143	0.00000144	0.00001152	0.12551907
1058	0.00000800	-0.00000842	0.00001161	-0.81119106
1059	0.00003108	0.00003650	0.00004794	0.86536427
1060	0.00000677	-0.00000686	0.00000964	-0.79180654
1061	-0.00000917	0.00001193	0.00001504	-0.91548572
1062	-0.00000760	-0.00000245	0.00000799	0.31200057
1063	0.00002214	-0.00000219	0.00002225	-0.09857683
1064	-0.00000467	-0.00000377	0.00000600	0.67925980
1065	0.00002132	-0.00000606	0.00002217	-0.27702759
1066	-0.00000045	0.00001486	0.00001487	-1.54064132
1067	0.00000663	-0.00000464	0.00000809	-0.61079627
1068	0.00001400	0.00000046	0.00001401	0.03299945
1069	0.00000148	0.00000852	0.00000865	1.39888208
1070	0.00002183	-0.00000899	0.00002361	-0.39070764
1071	0.00000598	-0.00002943	0.00003003	-1.37027621
1072	0.00000329	-0.00000245	0.00000410	-0.63971409
1073	-0.00000427	-0.00000401	0.00000586	0.75416024
1074	-0.00000969	-0.00000721	0.00001208	0.63950412
1075	0.00000581	-0.00000553	0.00000802	-0.76078582
1076	0.00001625	-0.00000044	0.00001625	-0.02704273
1077	0.00000732	0.00000809	0.00001091	0.83557686
1078	-0.00001403	0.00000059	0.00001405	-0.04188348
1079	0.00003601	0.00000208	0.00003607	0.05777562
1080	0.00000216	0.00001582	0.00001597	1.43520539
1081	0.00001049	-0.00002124	0.00002369	-1.11204544
1082	-0.00000679	0.00000145	0.00000694	-0.20982428
1083	0.00001559	-0.00002515	0.00002959	-1.01599627
1084	0.00000633	-0.00002887	0.00002956	-1.35504007
1085	0.00003057	0.00000633	0.00003122	0.20410667
1086	0.00001751	-0.00000019	0.00001751	-0.01074320
1087	0.00000096	0.00003220	0.00003221	1.54113981
1088	0.00003426	-0.00000043	0.00003427	-0.01255503
1089	0.00003771	0.00000463	0.00003799	0.12215586
1090	-0.00001575	-0.00000749	0.00001744	0.44412861
1091	-0.00000640	0.00000564	0.00000853	-0.72211681
1092	0.00000351	0.00002738	0.00002760	1.44332657
1093	-0.00001064	0.00000351	0.00001120	-0.31833269
1094	0.00000616	-0.00001154	0.00001308	-1.08019158
1095	-0.00001398	-0.00000320	0.00001434	0.22495402
1096	-0.00000187	-0.00003526	0.00003531	1.51776260
1097	-0.00000901	-0.00000288	0.00000946	0.30961880
1098	-0.00000660	-0.00000962	0.00001167	0.96959727
1099	0.00000303	0.00000021	0.00000303	0.07074839
1100	0.00000196	-0.00001373	0.00001387	-1.42895678
1101	0.00000532	-0.00000446	0.00000694	-0.69806023
1102	0.00002275	-0.00000567	0.00002345	-0.24423533
1103	0.00001555	0.00001153	0.00001936	0.63819183
1104	0.00000550	0.00000169	0.00000575	0.29869856
1105	-0.00000143	0.00000747	0.00000761	-1.38218297
1106	-0.00003286	0.00003637	0.00004901	-0.83603130
1107	0.00001774	0.00000163	0.00001781	0.09156405
1108	-0.00000052	0.00000480	0.00000483	-1.46372240
1109	0.00000149	-0.00000412	0.00000438	-1.22419216
1110	0.00000424	-0.00000604	0.00000738	-0.95849320
1111	0.00000708	-0.00000805	0.00001072	-0.84928310
1112	-0.00000091	0.00000470	0.00000479	-1.37890976
1113	-0.00002897	0.00002584	0.00003882	-0.72839581
1114	0.00000920	0.00001642	0.00001882	1.06021494
1115	0.00003335	-0.00000912	0.00003457	-0.26704970
1116	0.00001050	-0.00000056	0.00001051	-0.05300694
1117	0.00000733	-0.00000376	0.00000824	-0.47405612
1118	0.00000869	-0.00001207	0.00001487	-0.94698154
1119	0.00000198	0.00002530	0.00002538	1.49284740
1120	-0.00001104	-0.00000209	0.00001123	0.18694858
1121	0.00000981	0.00001219	0.00001565	0.89345605
1122	0.00001035	-0.00002407	0.00002620	-1.16468577
1123	0.00000528	0.00003203	0.00003246	1.40757425
1124	0.00001228	-0.00000283	0.00001260	-0.22657031
1125	0.00001629	0.00000201	0.00001641	0.12252398
1126	0.00000067	-0.00000948	0.00000951	-1.50071151
1127	-0.00002044	0.00002012	0.00002868	-0.77759497
1128	0.00000287	0.00000240	0.00000374	0.69686368
1129	-0.00004084	-0.00001094	0.00004228	0.26172870
1130	-0.00000169	-0.00000207	0.00000267	0.88736806
1131	0.00002474	0.00001306	0.00002797	0.48593604
1132	0.00001147	-0.00001048	0.00001554	-0.74064167
1133	0.00001433	0.00000165	0.00001443	0.11496800
1134	0.00000541	0.00000199	0.00000576	0.35281811
1135	0.00000631	0.00001942	0.00002042	1.25681822
1136	-0.00000317	0.00002016	0.00002041	-1.41488480
1137	0.00001201	0.00000942	0.00001527	0.66516569
1138	-0.00000464	-0.00000492	0.00000676	0.81446832
1139	-0.00000768	-0.00001035	0.00001288	0.93256904
1140	0.00000243	0.00000790	0.00000826	1.27172661
1141	0.00000727	0.00001658	0.00001810	1.15728620
1142	0.00001859	-0.00001208	0.00002217	-0.57642968
1143	0.00000561	0.00000073	0.00000566	0.13008573
1144	-0.00000346	0.00001169	0.00001219	-1.28288940
1145	0.00000536	-0.00002278	0.00002340	-1.33965886
1146	0.00001039	-0.00000671	0.00001237	-0.57356253
1147	-0.00000451	-0.00000061	0.00000455	0.13415818
1148	0.00001425	-0.00000072	0.00001426	-0.05035161
1149	-0.00000705	-0.00001475	0.00001635	1.12523662
1150	-0.00001663	0.00000223	0.00001678	-0.13362066
1151	0.00003444	0.00003608	0.00004988	0.80877542
1152	0.00001480	0.00001608	0.00002185	0.82693663
1153	-0.00000229	0.00000800	0.00000832	-1.29208372
1154	0.00001964	-0.00001224	0.00002314	-0.55715198
1155	-0.00000327	0.00001503	0.00001538	-1.35644444
1156	-0.00001475	-0.00000171	0.00001485	0.11556060
1157	-0.00002087	0.00001944	0.00002852	-0.75002020
1158	0.00001644	0.00002213	0.00002757	0.93194094
1159	0.00000036	-0.00000135	0.00000140	-1.31138204
1160	-0.00000887	-0.00001245	0.00001529	0.95163912
1161	-0.00002546	0.00000686	0.00002637	-0.26312262
1162	0.00000421	-0.00002391	0.00002427	-1.39659413
1163	0.00000567	0.00002599	0.00002660	1.35599908
1164	0.00000848	-0.00000162	0.00000864	-0.18862719
1165	0.00001265	-0.00005643	0.00005783	-1.35020826
1166	0.00000949	-0.00000974	0.00001360	-0.79848874
1167	0.00000824	0.00001529	0.00001737	1.07642783
1168	0.00000440	-0.00000101	0.00000452	-0.22615899
1169	0.00000856	0.00003370	0.00003477	1.32197920
1170	0.00000362	-0.00002073	0.00002104	-1.39796411
1171	0.00001592	0.00001542	0.00002216	0.76922649
1172	-0.00001637	0.00000896	0.00001866	-0.50066907
1173	0.00001702	0.00004912	0.00005199	1.23730192
1174	0.00001212	0.00000208	0.00001230	0.16996789
1175	0.00000371	-0.00003827	0.00003845	-1.47409577
1176	-0.00001658	0.00001383	0.00002159	-0.69504807
1177	0.00001665	-0.00001386	0.00002166	-0.69410573
1178	0.00001861	0.00001178	0.00002202	0.56429260
1179	0.00001039	0.00000442	0.00001129	0.40235570
1180	0.00004921	0.00002145	0.00005368	0.41099250
1181	0.00000482	-0.00002161	0.00002214	-1.35155934
1182	0.00000028	-0.00000125	0.00000128	-1.35210490
1183	0.00002407	0.00000044	0.00002408	0.01835301
1184	0.00001141	0.00002652	0.00002887	1.16439942
1185	0.00002448	-0.00001163	0.00002710	-0.44351586
1186	0.00000547	0.00000993	0.00001134	1.06675820
1187	-0.00001116	-0.00000274	0.00001149	0.24090468
1188	0.00000862	0.00001419	0.00001660	1.02471323
1189	-0.00000222	-0.00003432	0.00003439	1.50617198
1190	0.00001820	0.00000555	0.00001903	0.29619663
1191	0.00000957	-0.00001613	0.00001875	-1.03550984
1192	-0.00002836	0.00000099	0.00002837	-0.03490793
1193	0.00002789	0.00001977	0.00003419	0.61670715
1194	0.00000503	0.00001256	0.00001353	1.18956328
1195	0.00001324	0.00001469	0.00001977	0.83729566
1196	0.00001411	-0.00000843	0.00001644	-0.53887227
1197	0.00001410	-0.00000012	0.00001411	-0.00877744
1198	0.00001035	0.00001779	0.00002058	1.04382204
1199	-0.00000613	0.00001275	0.00001415	-1.12266587
1200	0.00000258	0.00001641	0.00001661	1.41501176
1201	-0.00001254	-0.00001894	0.00002272	0.98586963
1202	0.00002254	-0.00001145	0.00002529	-0.47006586
1203	0.00000572	0.00001955	0.00002037	1.28587630
1204	0.00001311	-0.00000460	0.00001389	-0.33749502
1205	-0.00000750	0.00001978	0.00002115	-1.20822984
1206	-0.00000025	0.00000296	0.00000297	-1.48596599
1207	0.00000898	0.00000033	0.00000899	0.03725941
1208	-0.00000283	-0.00001991	0.00002011	1.42979055
1209	-0.00001202	0.00000458	0.00001286	-0.36421700
1210	0.00002878	0.00001807	0.00003398	0.56067460
1211	-0.00001624	0.00002850	0.00003281	-1.05280514
1212	-0.00000031	-0.00000971	0.00000972	1.53865755
1213	-0.00000641	0.00000602	0.00000879	-0.75454971
1214	-0.00000235	0.00002419	0.00002430	-1.47385894
1215	0.00003131	-0.00004356	0.00005364	-0.94752225
1216	-0.00001583	-0.00001827	0.00002418	0.85698917
1217	0.00001495	0.00000349	0.00001535	0.22925865
1218	0.00002181	-0.00002552	0.00003357	-0.86348560
1219	0.00001588	0.00003442	0.00003791	1.13858705
1220	-0.00000635	-0.00000394	0.00000747	0.55578416
1221	0.00002584	-0.00002132	0.00003350	-0.68979244
1222	-0.00000580	0.00001137	0.00001277	-1.09926219
1223	-0.00002702	-0.00001492	0.00003086	0.50449226
1224	-0.00002270	0.00000158	0.00002276	-0.06964240
1225	-0.00001943	-0.00002150	0.00002898	0.83611045
1226	0.00004662	0.00000138	0.00004664	0.02967299
1227	0.00000884	-0.00002038	0.00002222	-1.16159418
1228	0.00001164	-0.00003784	0.00003959	-1.27228744
1229	-0.00000965	0.00002859	0.00003017	-1.24515409
1230	-0.00002149	-0.00000516	0.00002210	0.23578248
1231	-0.00000131	0.00002256	0.00002260	-1.51293792
1232	0.00000262	0.00000487	0.00000553	1.07825206
1233	0.00000517	0.00000036	0.00000519	0.07034958
1234	0.00000723	-0.00000888	0.00001145	-0.88703578
1235	0.00000133	0.00001778	0.00001783	1.49594776
1236	-0.00000590	0.00000951	0.00001119	-1.01525461
1237	0.00000177	-0.00002261	0.00002268	-1.49281192
1238	0.00002647	-0.00001140	0.00002882	-0.40679346
1239	-0.00001837	0.00000087	0.00001839	-0.04719865
1240	0.00000386	-0.00002242	0.00002275	-1.40036139
1241	0.00000441	-0.00001017	0.00001108	-1.16138258
1242	0.00000032	0.00000819	0.00000820	1.53168600
1243	0.00001008	-0.00000446	0.00001102	-0.41641071
1244	0.00004360	-0.00001772	0.00004706	-0.38599405
1245	-0.00000276	-0.00000087	0.00000289	0.30529029
1246	-0.00000251	0.00001275	0.00001300	-1.37616278
1247	0.00001344	0.00000274	0.00001372	0.20140630
1248	-0.00000187	-0.00001172	0.00001186	1.41239768
1249	0.00000225	0.00000813	0.00000843	1.30104211
1250	0.00000919	0.00000881	0.00001273	0.76415133
1251	-0.00001472	0.00002985	0.00003328	-1.11267708
1252	0.00000129	0.00001427	0.00001432	1.48071264
1253	-0.00002016	0.00001313	0.00002406	-0.57743622
1254	0.00000633	0.00002119	0.00002212	1.28075827
1255	0.00000922	-0.00001791	0.00002014	-1.09561227
1256	-0.00002967	-0.00002085	0.00003627	0.61266241
1257	0.00001574	-0.00001780	0.00002376	-0.84694800
1258	0.00001264	0.00001215	0.00001753	0.76572368
1259	0.00001148	-0.00002272	0.00002545	-1.10296561
1260	0.00000096	0.00000179	0.00000204	1.07764357
1261	0.00000677	-0.00000771	0.00001026	-0.85007763
1262	0.00000490	-0.00001094	0.00001199	-1.15008305
1263	-0.00000344	0.00000923	0.00000985	-1.21389007
1264	0.00002877	0.00000784	0.00002982	0.26595321
1265	0.00000507	0.00004362	0.00004391	1.45511813
1266	0.00001591	-0.00001005	0.00001881	-0.56332521
1267	0.00000500	0.00002343	0.00002396	1.36040798
1268	-0.00000802	0.00002796	0.00002909	-1.29130541
1269	-0.00001775	-0.00001892	0.00002595	0.81735445
1270	0.00003072	-0.00000697	0.00003150	-0.22316758
1271	0.00000883	-0.00000691	0.00001121	-0.66410661
1272	0.00001392	-0.00002270	0.00002663	-1.02058660
1273	0.00001401	0.00000481	0.00001481	0.33087027
1274	0.00001870	0.00000260	0.00001888	0.13832892
1275	0.00000063	-0.00000443	0.00000447	-1.42962546
1276	-0.00000570	0.00000644	0.00000860	-0.84664947
1277	0.00001079	-0.00000986	0.00001462	-0.74022687
1278	-0.00001343	-0.00000956	0.00001649	0.61860627
1279	-0.00000409	-0.00001388	0.00001447	1.28415475
1280	-0.00000786	0.00001266	0.00001490	-1.01498808
1281	0.00002113	-0.00001594	0.00002647	-0.64622778
1282	-0.00001149	0.00000116	0.00001155	-0.10085218
1283	-0.00000225	-0.00003436	0.00003443	1.50529936
1284	0.00000776	0.00000153	0.00000791	0.19511766
1285	-0.00000905	-0.00001688	0.00001916	1.07888567
1286	0.00003315	-0.00003372	0.00004729	-0.79390320
1287	-0.00001038	0.00002140	0.00002379	-1.11931732
1288	0.00001960	0.00000509	0.00002025	0.25392192
1289	-0.00000334	0.00000386	0.00000511	-0.85696435
1290	-0.00000802	-0.00000127	0.00000812	0.15756670
1291	0.00001612	-0.00000281	0.00001637	-0.17243576
1292	0.00001417	0.00001346	0.00001954	0.75949023
1293	-0.00000167	0.00001963	0.00001970	-1.48617538
1294	0.00000151	-0.00004024	0.00004027	-1.53332006
1295	-0.00000584	-0.00000474	0.00000752	0.68204609
1296	-0.00004639	0.00000061	0.00004640	-0.01306734
1297	0.00001650	0.00000743	0.00001809	0.42302886
1298	-0.00000643	-0.00001244	0.00001400	1.09387233
1299	0.00000844	0.00001219	0.00001483	0.96513539
1300	0.00002386	-0.00001012	0.00002591	-0.40103687
1301	-0.00000844	-0.00000577	0.00001022	0.59939274
1302	0.00001845	0.00000792	0.00002008	0.40537184
1303	0.00001512	0.00000172	0.00001521	0.11312546
1304	0.00001801	-0.00000768	0.00001958	-0.40310622
1305	-0.00000556	0.00000086	0.00000563	-0.15357239
1306	0.00003130	0.00002354	0.00003916	0.64487013
1307	0.00001590	-0.00001468	0.00002165	-0.74554053
1308	-0.00000658	-0.00000144	0.00000673	0.21600345
1309	0.00001749	-0.00001543	0.00002332	-0.72309862
1310	-0.00000586	0.00002455	0.00002524	-1.33630929
1311	0.00001209	0.00003439	0.00003645	1.23279872
1312	0.00000984	0.00000901	0.00001334	0.74130660
1313	-0.00002454	-0.00001246	0.00002752	0.46996007
1314	-0.00000378	0.00000340	0.00000509	-0.73308635
1315	-0.00002969	-0.00000174	0.00002974	0.05858198
1316	0.00002310	0.00000168	0.00002316	0.07246936
1317	-0.00002564	0.00004524	0.00005201	-1.05512450
1318	0.00003721	-0.00002717	0.00004607	-0.63072375
1319	0.00002200	-0.00003396	0.00004046	-0.99597332
1320	0.00001789	-0.00000181	0.00001798	-0.10082973
1321	0.00001421	-0.00000928	0.00001697	-0.57878642
1322	0.00000976	0.00002307	0.00002505	1.17061693
1323	-0.00000810	-0.00002299	0.00002437	1.23185219
1324	0.00000764	-0.00001214	0.00001435	-1.00915211
1325	-0.00000062	0.00000214	0.00000223	-1.29051247
1326	-0.00000126	0.00001662	0.00001667	-1.49505208
1327	0.00000944	-0.00002333	0.00002516	-1.18636235
1328	-0.00000768	-0.00000290	0.00000821	0.36147318
1329	0.00001205	0.00000986	0.00001557	0.68588313
1330	0.00000419	0.00000927	0.00001017	1.14625690
1331	0.00002587	0.00001720	0.00003106	0.58673414
1332	-0.00002243	-0.00000887	0.00002412	0.37672522
1333	-0.00000816	0.00001946	0.00002111	-1.17393639
1334	0.00001168	-0.00001864	0.00002200	-1.01078901
1335	0.00000289	0.00002541	0.00002558	1.45751304
1336	0.00003699	0.00001289	0.00003917	0.33536690
1337	-0.00000410	-0.00000873	0.00000964	1.13198570
1338	-0.00000321	-0.00000018	0.00000322	0.05560008
1339	-0.00000417	-0.00001003	0.00001086	1.17633009
1340	0.00001352	-0.00000179	0.00001363	-0.13144668
1341	0.00001821	-0.00002320	0.00002950	-0.90536884
1342	-0.00000614	-0.00000672	0.00000910	0.83022639
1343	-0.00000786	-0.00000721	0.00001066	0.74205678
1344	0.00000209	0.00001108	0.00001127	1.38400745
1345	-0.00001090	0.00002215	0.00002468	-1.11360803
1346	0.00002143	0.00000047	0.00002144	0.02183061
1347	-0.00000227	-0.00001361	0.00001380	1.40527101
1348	0.00001487	0.00000635	0.00001616	0.40348659
1349	0.00001264	-0.00002876	0.00003141	-1.15661473
1350	0.00001847	-0.00000999	0.00002100	-0.49592647
1351	-0.00000314	-0.00000308	0.00000440	0.77524247
1352	-0.00000962	0.00001490	0.00001774	-0.99734880
1353	-0.00001390	0.00001246	0.00001867	-0.73050788
1354	0.00001728	-0.00002670	0.00003180	-0.99637008
1355	0.00002377	-0.00000107	0.00002379	-0.04490639
1356	0.00002157	-0.00000760	0.00002287	-0.33885774
1357	0.00001713	-0.00001833	0.00002509	-0.81904088
1358	-0.00001806	0.00005887	0.00006158	-1.27314210
1359	-0.00001410	0.00000363	0.00001456	-0.25212708
1360	-0.00001429	0.00000346	0.00001470	-0.23777683
1361	0.00000418	-0.00001011	0.00001094	-1.17835724
1362	0.00000383	0.00000990	0.00001062	1.20200402
1363	-0.00000437	-0.00002199	0.00002242	1.37472986
1364	-0.00000582	0.00004751	0.00004787	-1.44893623
1365	-0.00000801	-0.00003426	0.00003518	1.34114146
1366	-0.00000846	-0.00001098	0.00001387	0.91445636
1367	0.00002595	0.00000720	0.00002693	0.27057113
1368	0.00000169	0.00000570	0.00000595	1.28325403
1369	-0.00001657	0.00001534	0.00002258	-0.74680821
1370	0.00001769	-0.00000960	0.00002013	-0.49710451
1371	0.00000132	0.00000340	0.00000365	1.19984919
1372	-0.00000694	-0.00000549	0.00000885	0.66894241
1373	-0.00000933	-0.00000599	0.00001109	0.57058228
1374	-0.00001424	0.00003310	0.00003603	-1.16458762
1375	-0.00000323	0.00000651	0.00000727	-1.11074228
1376	0.00002396	0.00002129	0.00003206	0.72638643
1377	0.00000219	0.00000467	0.00000516	1.13285517
1378	-0.00001276	-0.00002360	0.00002683	1.07509228
1379	0.00002529	-0.00000363	0.00002555	-0.14241381
1380	0.00001064	0.00000874	0.00001377	0.68765600
1381	0.00000105	0.00002058	0.00002061	1.51967137
1382	-0.00000108	-0.00001039	0.00001045	1.46768762
1383	0.00001355	0.00000250	0.00001377	0.18275989
1384	0.00001315	-0.00001299	0.00001848	-0.77919277
1385	-0.00001942	-0.00001722	0.00002595	0.72525018
1386	0.00000797	-0.00001918	0.00002077	-1.17694824
1387	-0.00001441	-0.00000907	0.00001703	0.56183577
1388	-0.00000619	-0.00000009	0.00000619	0.01492185
1389	0.00002493	0.00001805	0.00003078	0.62665262
1390	0.00001249	0.00000847	0.00001509	0.59624124
1391	-0.00000831	0.00000676	0.00001072	-0.68309696
1392	0.00000316	0.00000421	0.00000526	0.92597689
1393	0.00000701	0.00003015	0.00003096	1.34225596
1394	0.00002868	-0.00000907	0.00003008	-0.30644572
1395	0.00002252	-0.00001055	0.00002486	-0.43804934
1396	0.00001202	-0.00000948	0.00001531	-0.66818079
1397	0.00002305	-0.00002017	0.00003063	-0.71901096
1398	-0.00000015	-0.00001496	0.00001496	1.56093756
1399	0.00001517	-0.00001374	0.00002046	-0.73593411
1400	0.00001867	0.00000841	0.00002047	0.42341968
1401	0.00002392	-0.00001696	0.00002932	-0.61661843
1402	-0.00000523	-0.00000688	0.00000864	0.92074755
1403	-0.00000104	-0.00000156	0.00000188	0.98282752
1404	0.00001019	0.00002679	0.00002866	1.20727611
1405	0.00001878	-0.00001603	0.00002469	-0.70639484
1406	0.00000272	0.00001438	0.00001463	1.38366829
1407	0.00001976	0.00000134	0.00001980	0.06792714
1408	-0.00001544	-0.00000700	0.00001695	0.42560690
1409	0.00000497	0.00000395	0.00000635	0.67178185
1410	-0.00000030	0.00000115	0.00000119	-1.31467829
1411	0.00001352	-0.00000860	0.00001602	-0.56643559
1412	0.00001390	0.00000911	0.00001662	0.58013486
1413	-0.00002418	-0.00000559	0.00002481	0.22731115
1414	-0.00000884	0.00000351	0.00000951	-0.37747316
1415	-0.00000863	0.00000146	0.00000875	-0.16740351
