Harm. #	Coeff. a	Coeff. b	Amplitude	Phase
0	0.00166309	0.00000000	0.00166309	0.88242197
1	0.00013150	0.00010817	0.00017027	0.21208218
2	-0.00099133	-0.00460400	0.00470951	0.02620520
3	0.00007599	0.00289922	0.00290021	-0.02447987
4	-0.00005830	0.00238118	0.00238189	0.52187463
5	0.00020572	0.00035774	0.00041268	0.11535100
6	0.00026245	0.00226514	0.00228029	0.42073787
7	0.00145419	0.00324990	0.00356041	0.28132115
8	0.00167665	0.00580186	0.00603927	0.49646885
9	0.00171983	0.00317472	0.00361063	1.45253163
10	-0.02288857	-0.00271960	0.02304957	-1.51712976
11	-0.00577171	0.00031005	0.00578003	-1.34575754
12	-0.00417433	0.00095557	0.00428230	-1.32561248
13	-0.00399649	0.00099999	0.00411969	-1.35856923
14	-0.00387049	0.00083398	0.00395932	-1.45951816
15	-0.00275056	0.00030735	0.00276768	-0.80548868
16	-0.00191080	0.00183552	0.00264959	0.86032805
17	0.00097592	0.00083963	0.00128740	-0.42777233
18	-0.00349140	0.00765779	0.00841615	-0.41885351
19	-0.00991887	0.02227967	0.02438785	-0.43550224
20	0.02347644	-0.05045468	0.05564906	-0.35201667
21	0.00460282	-0.01253097	0.01334957	-0.19022396
22	0.00132948	-0.00690453	0.00703136	0.03824240
23	-0.00024676	-0.00644946	0.00645418	0.28103155
24	-0.00185212	-0.00641602	0.00667800	0.62175292
25	-0.00520479	-0.00726359	0.00893586	0.52789554
26	-0.00615616	-0.01055776	0.01222148	0.44300475
27	-0.00678983	-0.01431075	0.01583980	0.50720432
28	-0.01182464	-0.02127904	0.02434378	0.58553305
29	-0.03718878	-0.05608276	0.06729251	0.79641459
30	0.05054419	0.04944264	0.07070566	0.89233097
31	0.01998187	0.01610791	0.02566593	0.98754854
32	0.01457664	0.00961796	0.01746378	1.08825216
33	0.01300931	0.00681491	0.01468622	1.14514451
34	0.01391884	0.00631037	0.01528250	1.06247656
35	0.01411869	0.00786630	0.01616218	0.99791395
36	0.01247825	0.00804900	0.01484901	1.30347690
37	0.01579106	0.00432477	0.01637258	1.53995359
38	0.02920332	0.00090100	0.02921721	1.53697558
39	0.12751900	0.00431443	0.12759197	-1.43003390
40	-0.05783304	0.00819492	0.05841076	-1.35438108
41	-0.02291751	0.00503861	0.02346487	-1.22082568
42	-0.01508546	0.00550612	0.01605890	-1.25067737
43	-0.01334295	0.00442347	0.01405708	-1.38426378
44	-0.00798888	0.00150771	0.00812990	-0.89733029
45	-0.00612497	0.00488718	0.00783580	-0.56246017
46	-0.00532602	0.00844887	0.00998749	-0.49046990
47	-0.00659725	0.01235460	0.01400571	-0.32704309
48	-0.00691509	0.02038501	0.02152596	-0.39789491
49	-0.04728001	0.11248734	0.12201967	-0.16517993
50	0.00544248	-0.03264859	0.03309911	-0.07039662
51	0.00095411	-0.01353102	0.01356462	0.39009245
52	-0.00229590	-0.00558391	0.00603748	0.32787378
53	-0.00223574	-0.00657279	0.00694263	0.29171629
54	-0.00157304	-0.00523852	0.00546960	0.55964532
55	-0.00240391	-0.00383732	0.00452812	0.68476022
56	-0.00306776	-0.00375691	0.00485031	0.95748294
57	-0.00455827	-0.00320839	0.00557419	1.24079588
58	-0.00842864	-0.00288702	0.00890937	0.63586067
59	-0.05649686	-0.07654057	0.09513334	-0.40305423
60	0.00155796	-0.00365377	0.00397207	-1.03636333
61	0.00458267	-0.00271242	0.00532523	-0.67648721
62	0.00182668	-0.00227519	0.00291775	-0.45399612
63	0.00115946	-0.00237597	0.00264378	-0.58615709
64	0.00165513	-0.00249265	0.00299212	-0.56151344
65	0.00143218	-0.00227670	0.00268970	-0.63942176
66	0.00136996	-0.00184222	0.00229577	-0.09248148
67	0.00016737	-0.00180462	0.00181236	0.76816151
68	-0.00314445	-0.00325476	0.00452559	-1.52044075
69	0.04078086	-0.00205528	0.04083262	1.42964338
70	0.00446909	0.00063505	0.00451398	0.91513018
71	0.00182482	0.00140363	0.00230221	1.32771575
72	0.00088592	0.00021969	0.00091275	-0.66344927
73	0.00092627	-0.00118502	0.00150408	-1.26118940
74	0.00154001	-0.00049264	0.00161689	-0.79173534
75	0.00124234	-0.00122669	0.00174591	-0.65974714
76	0.00143269	-0.00184697	0.00233750	-0.82174179
77	0.00253175	-0.00235411	0.00345711	-0.85140181
78	0.00474097	-0.00415308	0.00630277	1.40443557
79	-0.01120121	-0.00188082	0.01135802	-0.12136436
80	-0.00032993	0.00270513	0.00272518	-0.07633751
81	-0.00011592	0.00151556	0.00151998	0.07746173
82	0.00008846	0.00113974	0.00114317	0.45712187
83	0.00052849	0.00107445	0.00119739	-0.23641366
84	-0.00024022	0.00099710	0.00102562	0.98244009
85	0.00043208	0.00028827	0.00051942	0.48744640
86	0.00033637	0.00063452	0.00071816	0.54169248
87	0.00057102	0.00094896	0.00110751	1.20281364
88	0.00197326	0.00076078	0.00211483	-1.35407575
89	0.01817410	-0.00400155	0.01860941	0.33920195
90	0.00081130	0.00229935	0.00243828	-0.50553185
91	-0.00062849	0.00113547	0.00129780	-0.51126246
92	-0.00030200	0.00053830	0.00061723	-0.07071039
93	-0.00003600	0.00050822	0.00050949	0.74945296
94	0.00034010	0.00036547	0.00049923	0.40310135
95	0.00047070	0.00110376	0.00119993	0.77138300
96	0.00055904	0.00057493	0.00080192	1.07978233
97	0.00067085	0.00035870	0.00076072	0.62300653
98	0.00120832	0.00168183	0.00207089	-0.01977615
99	-0.00031453	0.01590237	0.01590548	-1.29045572
100	-0.00503435	0.00144951	0.00523887	-1.55214376
101	-0.00205468	0.00003833	0.00205504	-1.47795818
102	-0.00166094	0.00015464	0.00166812	-1.00190593
103	-0.00116010	0.00074177	0.00137697	-1.31893602
104	-0.00143759	0.00036993	0.00148442	-1.01136659
105	-0.00096543	0.00060451	0.00113907	-1.00076689
106	-0.00110749	0.00070991	0.00131549	-0.75676393
107	-0.00113030	0.00119695	0.00164629	-0.83494143
108	-0.00181359	0.00164224	0.00244664	-1.52093581
109	-0.00933552	0.00046586	0.00934714	-0.01264157
110	0.00007744	-0.00612555	0.00612604	-0.09419325
111	0.00020282	-0.00214688	0.00215644	-0.04673496
112	0.00007350	-0.00157162	0.00157334	0.47620901
113	-0.00068251	-0.00132320	0.00148885	-0.08379946
114	0.00009094	-0.00108263	0.00108644	0.42048584
115	-0.00042157	-0.00094278	0.00103274	0.55858805
116	-0.00059357	-0.00094973	0.00111996	0.37678563
117	-0.00048104	-0.00121570	0.00130741	1.38632821
118	-0.00079018	-0.00014744	0.00080382	0.07473061
119	-0.00032442	-0.00433307	0.00434519	-1.51774096
120	0.00280637	-0.00014903	0.00281032	1.46547495
121	0.00125688	0.00013287	0.00126388	1.39585838
122	0.00090193	0.00015941	0.00091591	-1.43648391
123	0.00048998	-0.00006621	0.00049443	1.47696234
124	0.00052159	0.00004909	0.00052389	-1.18763930
125	0.00039954	-0.00016105	0.00043078	-0.47141642
126	0.00023664	-0.00046423	0.00052106	-1.18735035
127	0.00065455	-0.00026405	0.00070581	-0.26861277
128	0.00028255	-0.00102647	0.00106465	1.27137112
129	0.00232336	0.00071724	0.00243155	-0.58939965
130	-0.00065762	0.00098346	0.00118307	-0.19761656
131	-0.00011335	0.00056612	0.00057735	-0.22564760
132	-0.00009499	0.00041379	0.00042455	-0.03915123
133	-0.00001269	0.00032396	0.00032421	-0.33169393
134	-0.00003956	0.00011487	0.00012149	0.65275234
135	0.00018918	0.00024744	0.00031148	1.05420439
136	0.00034313	0.00019491	0.00039462	0.07416151
137	0.00005307	0.00071422	0.00071619	0.83442556
138	0.00075177	0.00068145	0.00101466	-0.79486325
139	-0.00108110	0.00106082	0.00151463	0.84905977
140	-0.00038844	-0.00034189	0.00051747	1.11709854
141	-0.00030286	-0.00014768	0.00033695	-1.22090667
142	-0.00025941	0.00009466	0.00027614	0.80428223
143	-0.00024708	-0.00023792	0.00034301	0.23841362
144	0.00004150	0.00017075	0.00017572	-1.46567322
145	-0.00045902	0.00004843	0.00046156	-1.32700177
146	-0.00037859	0.00009417	0.00039012	-1.12359178
147	-0.00028990	0.00013904	0.00032152	-1.43602866
148	-0.00102912	0.00013954	0.00103854	0.74043347
149	-0.00059345	-0.00064937	0.00087969	0.59308751
150	-0.00024922	-0.00036974	0.00044589	-0.13520097
151	0.00004578	-0.00033651	0.00033961	0.11168860
152	-0.00004913	-0.00043809	0.00044083	-0.52785757
153	0.00016537	-0.00028364	0.00032833	-0.54916407
154	0.00013549	-0.00022140	0.00025956	-0.45935651
155	0.00008148	-0.00016473	0.00018378	-0.04273391
156	0.00001269	-0.00029680	0.00029707	-0.90812575
157	0.00011848	-0.00009246	0.00015029	0.60888045
158	-0.00045637	-0.00065453	0.00079793	-0.87713242
159	0.00070329	-0.00058480	0.00091466	-1.42630967
160	0.00029505	-0.00004293	0.00029816	-1.12521687
161	0.00027098	-0.00012943	0.00030031	1.42753752
162	0.00025463	0.00003673	0.00025727	1.34203313
163	0.00014938	0.00003478	0.00015338	0.12999582
164	-0.00001671	-0.00012781	0.00012889	-0.28052691
165	0.00008283	-0.00028748	0.00029917	-1.56019800
166	0.00053175	-0.00000564	0.00053178	1.05174672
167	0.00020165	0.00011520	0.00023224	-0.93131592
168	0.00070427	-0.00052379	0.00087770	0.55244661
169	0.00059175	0.00095990	0.00112764	0.87139446
170	0.00033492	0.00028176	0.00043768	0.94363726
171	0.00041263	0.00029907	0.00050962	-0.83227639
172	-0.00110343	0.00100454	0.00149219	1.46667158
173	0.00012919	0.00001350	0.00012989	-0.85759328
174	-0.00027207	0.00023537	0.00035975	-0.24211656
175	-0.00004776	0.00019339	0.00019920	-0.38155564
176	-0.00010023	0.00024981	0.00026917	0.03622101
177	-0.00001118	-0.00030849	0.00030869	0.40204676
178	0.00024610	0.00057879	0.00062894	-0.99244434
179	-0.00029257	0.00019100	0.00034940	-0.00577737
180	-0.00000246	0.00042531	0.00042531	0.16285116
181	0.00003942	0.00023994	0.00024316	-1.52563218
182	-0.00089896	0.00004063	0.00089988	0.77712029
183	0.00066378	0.00067486	0.00094659	1.42826920
184	-0.00080357	-0.00011531	0.00081180	1.05274427
185	-0.00036050	-0.00020548	0.00041495	-0.69036314
186	-0.00009762	0.00011819	0.00015329	-1.25781199
187	-0.00049097	0.00015889	0.00051604	-0.30423597
188	0.00006557	-0.00020883	0.00021888	-1.08221792
189	-0.00019401	0.00010313	0.00021972	1.32105935
190	-0.00024680	-0.00006295	0.00025470	1.56588951
191	-0.00026199	-0.00000129	0.00026200	0.27972409
192	-0.00005267	-0.00018336	0.00019077	-1.14911432
193	-0.00089187	0.00040008	0.00097749	0.33356023
194	-0.00023077	-0.00066600	0.00070485	-0.15377256
195	0.00006056	-0.00039073	0.00039539	-1.39650178
196	-0.00024170	0.00004256	0.00024541	-0.07311034
197	0.00004533	-0.00061886	0.00062052	0.04579073
198	0.00001952	0.00042589	0.00042633	0.93844522
199	-0.00032304	-0.00023670	0.00040048	-1.22863213
200	-0.00011620	0.00004139	0.00012335	-0.21552040
201	0.00004628	-0.00021140	0.00021640	-1.43997332
202	-0.00047734	0.00006281	0.00048145	-0.40683008
203	0.00029488	-0.00068438	0.00074521	-0.82605203
204	-0.00006410	0.00005909	0.00008718	1.05084253
205	-0.00032388	-0.00018542	0.00037321	-0.08093269
206	0.00003363	-0.00041458	0.00041595	-0.42791028
207	0.00002012	-0.00004412	0.00004849	-1.11683079
208	-0.00046831	0.00022852	0.00052109	-1.37904347
209	-0.00014388	0.00002793	0.00014656	0.68200477
210	-0.00036193	-0.00044573	0.00057417	1.01360887
211	-0.00022823	-0.00014220	0.00026891	-0.04169782
212	0.00003806	-0.00091221	0.00091300	0.43181897
213	0.00026134	0.00056712	0.00062444	0.97567560
214	-0.00056660	-0.00038359	0.00068423	0.07677878
215	-0.00006116	-0.00079495	0.00079730	-0.77762616
216	-0.00027327	0.00027755	0.00038950	-0.29768433
217	0.00031192	-0.00101667	0.00106345	0.97965833
218	0.00008352	0.00005606	0.00010059	-0.08412215
219	0.00002652	-0.00031449	0.00031560	-0.12800190
220	0.00002202	-0.00017109	0.00017250	-0.48077161
221	0.00009259	-0.00017752	0.00020021	1.45627369
222	0.00025956	0.00002986	0.00026127	-1.14998868
223	-0.00021735	0.00009727	0.00023813	0.41630085
224	-0.00028250	-0.00063894	0.00069861	-1.19630720
225	0.00055057	-0.00021639	0.00059157	0.72458755
226	-0.00080099	-0.00090486	0.00120845	0.88301194
227	0.00138677	0.00113939	0.00179481	0.67382344
228	-0.00043361	-0.00054303	0.00069491	1.09536334
229	0.00016052	0.00008264	0.00018054	0.13295875
230	-0.00002033	-0.00015197	0.00015332	0.69797424
231	-0.00010239	-0.00012206	0.00015931	-0.43691402
232	0.00007756	-0.00016607	0.00018329	-1.10837447
233	0.00013604	-0.00006781	0.00015200	-0.84218163
234	0.00013055	-0.00011651	0.00017498	1.31131122
235	0.00008421	0.00002235	0.00008712	1.56880824
236	0.00043968	0.00000087	0.00043968	-1.16632359
237	-0.00035791	0.00015321	0.00038933	-0.57230353
238	0.00037433	-0.00058106	0.00069119	-0.55304998
239	0.00004642	-0.00007520	0.00008837	-1.33854270
240	0.00022443	-0.00005308	0.00023062	0.25278277
241	-0.00003953	-0.00015302	0.00015804	-1.34403105
242	0.00033375	-0.00007701	0.00034252	-1.10484100
243	-0.00017202	0.00008651	0.00019255	-0.05987263
244	0.00001750	-0.00029197	0.00029250	-1.17908346
245	0.00023348	-0.00009644	0.00025262	1.44970676
246	-0.00022360	-0.00002721	0.00022524	-0.97918600
247	0.00067285	-0.00045208	0.00081062	0.03242174
248	0.00000683	0.00021066	0.00021077	-1.10331288
249	0.00018317	-0.00009247	0.00020519	-0.60270892
250	0.00007937	-0.00011535	0.00014002	1.23342465
251	0.00013444	0.00004716	0.00014247	-0.16850098
252	0.00002501	-0.00014702	0.00014913	-1.07355213
253	0.00015831	-0.00008592	0.00018013	-0.61352730
254	0.00009156	-0.00013002	0.00015903	1.30143347
255	0.00007560	0.00002087	0.00007843	-0.75575179
256	0.00018203	-0.00019315	0.00026541	0.28350613
257	0.00014396	0.00049411	0.00051465	0.10711515
258	-0.00002502	-0.00023270	0.00023404	-0.36502298
259	0.00001929	-0.00005048	0.00005404	-1.26923284
260	0.00027531	-0.00008564	0.00028832	0.45504465
261	-0.00008104	-0.00016563	0.00018440	0.78826163
262	0.00028312	0.00028150	0.00039925	0.72225282
263	-0.00001765	-0.00002003	0.00002669	1.05641377
264	0.00013096	0.00007401	0.00015043	-0.16383827
265	-0.00001170	0.00007080	0.00007176	-0.64038311
266	-0.00010585	0.00014206	0.00017716	-0.02479034
267	0.00000402	-0.00016199	0.00016204	-1.48381233
268	0.00007931	-0.00000692	0.00007961	-0.68896643
269	0.00008931	-0.00010844	0.00014049	0.03505104
270	0.00000394	0.00011242	0.00011249	-0.10044957
271	-0.00000652	0.00006471	0.00006504	-1.02134763
272	-0.00015120	0.00009258	0.00017729	-0.32114726
273	0.00003440	-0.00010341	0.00010898	1.16487791
274	0.00006132	0.00002635	0.00006674	-0.87791293
275	-0.00014506	0.00012042	0.00018853	0.88807292
276	-0.00015345	-0.00012478	0.00019778	-1.12775122
277	0.00016709	-0.00007929	0.00018495	-0.24479581
278	0.00003595	-0.00014392	0.00014834	-0.89184450
279	0.00012800	-0.00010328	0.00016447	1.54954241
280	0.00014794	0.00000314	0.00014798	-0.16395048
281	-0.00002595	0.00015687	0.00015900	0.05733810
282	-0.00000538	-0.00009375	0.00009390	-0.18677581
283	0.00000870	-0.00004604	0.00004685	0.84543698
284	0.00005863	0.00005198	0.00007835	0.89498331
285	-0.00012022	-0.00009639	0.00015409	-1.07060543
286	0.00014018	-0.00007661	0.00015975	0.42289859
287	-0.00003777	-0.00008392	0.00009203	1.48236972
288	0.00010476	0.00000929	0.00010517	0.14044604
289	0.00000854	0.00006039	0.00006099	-0.88562801
290	-0.00011562	0.00009449	0.00014932	0.44399550
291	-0.00004821	-0.00010136	0.00011224	-0.26310742
292	-0.00001128	0.00004186	0.00004335	0.66851609
293	-0.00012512	-0.00015841	0.00020186	0.10847827
294	-0.00003860	-0.00035447	0.00035656	0.93584567
295	0.00008962	0.00006603	0.00011132	0.12239328
296	-0.00001662	-0.00013511	0.00013613	0.09390844
297	-0.00000389	-0.00004133	0.00004151	1.38873092
298	0.00015165	0.00002792	0.00015420	1.52371999
299	0.00019163	0.00000903	0.00019185	-0.09429438
300	-0.00001109	0.00011730	0.00011783	0.98417161
301	-0.00005275	-0.00003506	0.00006334	-0.02887151
302	0.00000141	-0.00004884	0.00004886	1.50389440
303	0.00011675	0.00000782	0.00011702	1.06966618
304	-0.00005796	-0.00003175	0.00006609	-0.28313052
305	-0.00002192	0.00007533	0.00007845	0.92775841
306	0.00010073	0.00007547	0.00012586	0.53807312
307	-0.00002275	-0.00003811	0.00004439	0.69148676
308	-0.00009787	-0.00011823	0.00015348	-0.18572520
309	0.00000756	-0.00004026	0.00004096	-1.18334126
310	0.00011680	-0.00004766	0.00012615	-1.42320850
311	-0.00011385	0.00001693	0.00011510	-1.03960356
312	0.00009057	-0.00005321	0.00010504	-1.26621340
313	0.00006884	-0.00002164	0.00007216	1.22919636
314	0.00011809	0.00004198	0.00012533	-0.93999950
315	-0.00002780	0.00002031	0.00003443	0.70528343
316	0.00011181	0.00013133	0.00017248	-1.20167204
317	-0.00014162	0.00005479	0.00015185	1.51820447
318	-0.00014806	-0.00000779	0.00014827	0.67688035
319	-0.00007990	-0.00009944	0.00012757	0.51125958
320	-0.00003504	-0.00006246	0.00007162	0.77666963
321	-0.00011290	-0.00011489	0.00016107	-0.94299541
322	0.00015977	-0.00011596	0.00019742	-1.48379154
323	0.00008378	-0.00000731	0.00008410	1.51163071
324	-0.00009714	-0.00000575	0.00009731	-1.35458649
325	0.00013843	-0.00003040	0.00014173	-0.86416152
326	-0.00013523	0.00011545	0.00017781	-1.36253862
327	0.00004847	-0.00001024	0.00004954	1.38354763
328	-0.00006342	-0.00001202	0.00006455	0.50368003
329	0.00001818	0.00003300	0.00003768	0.68443474
330	-0.00007639	-0.00009361	0.00012082	-0.93072893
331	-0.00001268	0.00000944	0.00001581	-0.12319026
332	-0.00000954	0.00007701	0.00007760	1.40321422
333	-0.00014730	-0.00002492	0.00014939	-0.16282818
334	0.00001256	-0.00007644	0.00007746	1.39936272
335	-0.00018950	-0.00003281	0.00019231	-0.15559347
336	0.00001632	-0.00010402	0.00010529	0.72701721
337	0.00004193	0.00004713	0.00006308	-1.34907701
338	0.00004944	-0.00001114	0.00005068	-1.46741403
339	-0.00016659	0.00001728	0.00016748	0.28241410
340	0.00000277	0.00000955	0.00000994	-1.46288299
341	-0.00022795	0.00002470	0.00022929	-0.30854123
342	0.00003684	-0.00011559	0.00012132	-0.80173142
343	0.00002414	-0.00002336	0.00003359	-0.83914391
344	-0.00011996	0.00010772	0.00016123	-0.09411276
345	0.00002155	-0.00022830	0.00022932	-0.76714699
346	-0.00010457	0.00010846	0.00015066	-0.39674410
347	0.00005948	-0.00014197	0.00015392	-1.11889415
348	-0.00009101	0.00004418	0.00010117	-0.14412034
349	0.00000984	-0.00006780	0.00006851	1.09468114
350	-0.00005217	-0.00002690	0.00005870	-0.73633490
351	0.00019110	-0.00021084	0.00028456	0.37106669
352	0.00005405	0.00013892	0.00014907	-1.56136732
353	-0.00015469	0.00000146	0.00015469	-0.84019183
354	-0.00005440	0.00004874	0.00007304	-1.07812576
355	0.00029391	-0.00015778	0.00033358	1.50864175
356	-0.00029056	-0.00001808	0.00029112	-1.43803150
357	0.00009689	-0.00001294	0.00009775	-1.14884649
358	0.00005705	-0.00002561	0.00006253	-0.00032160
359	-0.00000004	0.00013142	0.00013142	-0.47337342
360	0.00011525	-0.00022499	0.00025279	-0.40568070
361	-0.00010963	0.00025524	0.00027779	1.17822395
362	-0.00011832	-0.00004899	0.00012806	1.32051555
363	-0.00009289	-0.00002375	0.00009587	-0.38818546
364	-0.00003631	0.00008879	0.00009593	0.01252395
365	-0.00000214	-0.00017057	0.00017058	-1.53878173
366	0.00009987	-0.00000320	0.00009992	0.84305619
367	-0.00006473	-0.00005767	0.00008669	-0.42394965
368	-0.00001202	0.00002663	0.00002921	-0.08377404
369	0.00001044	-0.00012432	0.00012476	-1.36772846
370	0.00002600	-0.00000535	0.00002655	0.42282330
371	-0.00006218	-0.00013818	0.00015153	-0.35703142
372	0.00002551	-0.00006840	0.00007300	-1.34442570
373	0.00011681	-0.00002690	0.00011987	1.18128238
374	-0.00017243	-0.00007078	0.00018639	-1.40956010
375	0.00013835	-0.00002250	0.00014017	-0.69956461
376	-0.00010429	0.00012393	0.00016197	-0.20221038
377	0.00000598	-0.00002918	0.00002979	0.76046694
378	-0.00010276	-0.00010801	0.00014908	1.30801106
379	0.00011463	0.00003084	0.00011871	0.51530317
380	-0.00008243	-0.00014555	0.00016727	-1.41408384
381	0.00015340	-0.00002424	0.00015530	-0.77392315
382	-0.00001742	0.00001783	0.00002493	0.91103241
383	-0.00004946	-0.00003837	0.00006260	-0.93649531
384	0.00009811	-0.00007218	0.00012180	-1.10193183
385	-0.00016262	0.00008237	0.00018229	-0.27822781
386	0.00004167	-0.00014589	0.00015173	0.90748890
387	-0.00003456	-0.00002700	0.00004386	-1.37981482
388	0.00013257	-0.00002563	0.00013503	1.50022792
389	-0.00014852	-0.00001050	0.00014889	-1.26622599
390	0.00015697	-0.00004934	0.00016454	-1.35581924
391	-0.00020022	0.00004372	0.00020494	-0.18449321
392	0.00001223	-0.00006553	0.00006666	-0.72646216
393	0.00005279	-0.00005941	0.00007947	-1.34251561
394	-0.00008921	0.00002073	0.00009158	-0.18540269
395	0.00000329	-0.00001756	0.00001787	0.21329006
396	0.00003501	0.00016164	0.00016539	0.11348176
397	-0.00000335	-0.00002936	0.00002955	-0.89530077
398	-0.00014196	0.00011374	0.00018191	-0.90544340
399	0.00016784	-0.00013170	0.00021334	-0.96961578
400	-0.00017057	0.00011699	0.00020683	-0.89975918
401	0.00011400	-0.00009051	0.00014557	1.54179683
402	0.00005554	0.00000161	0.00005556	0.04900948
403	0.00000610	0.00012442	0.00012457	-0.49877670
404	0.00004284	-0.00007864	0.00008955	-0.10112348
405	-0.00000630	0.00006207	0.00006239	0.74795389
406	-0.00006181	-0.00006662	0.00009088	1.37968682
407	-0.00007622	-0.00001475	0.00007763	-0.37419779
408	0.00004618	-0.00011760	0.00012634	-0.32270246
409	-0.00002516	0.00007524	0.00007934	-1.02811458
410	0.00009164	-0.00005527	0.00010701	0.18402515
411	0.00001557	0.00008367	0.00008511	0.41872836
412	0.00003609	0.00008108	0.00008875	0.63934100
413	-0.00005461	-0.00007345	0.00009153	-1.39471786
414	0.00016670	-0.00002966	0.00016932	0.85758354
415	-0.00019485	-0.00016857	0.00025764	0.67967625
416	0.00005502	0.00006808	0.00008753	-1.19989258
417	0.00006349	-0.00002469	0.00006813	-0.48422998
418	-0.00003410	0.00006482	0.00007324	0.75695649
419	-0.00005530	-0.00005853	0.00008052	-0.97339326
420	-0.00005704	0.00003881	0.00006899	1.30758564
421	-0.00006418	-0.00001730	0.00006647	-0.07754986
422	0.00000640	-0.00008241	0.00008266	-1.53984663
423	0.00012711	-0.00000394	0.00012717	1.41744942
424	-0.00014996	-0.00002318	0.00015175	1.44905581
425	0.00004452	0.00000545	0.00004485	1.34887392
426	-0.00004362	-0.00000984	0.00004472	1.43521839
427	0.00003190	0.00000435	0.00003219	0.88405408
428	-0.00012907	-0.00010582	0.00016690	1.40458310
429	0.00006212	0.00001042	0.00006299	0.38800560
430	-0.00005515	-0.00013493	0.00014577	1.22458036
431	0.00009471	0.00003417	0.00010068	0.49919400
432	-0.00001421	-0.00002606	0.00002969	-1.50431194
433	-0.00005028	0.00000335	0.00005039	-0.49239627
434	0.00004087	-0.00007618	0.00008645	-1.13847040
435	-0.00010002	0.00004615	0.00011015	-0.78591406
436	0.00002034	-0.00002032	0.00002875	0.08408059
437	-0.00000321	-0.00003803	0.00003817	0.78128792
438	0.00004901	0.00004941	0.00006959	-0.91366922
439	-0.00005830	0.00004498	0.00007363	1.09195226
440	0.00007712	0.00004003	0.00008689	-1.39761583
441	-0.00006056	0.00001059	0.00006148	1.24382463
442	0.00001351	0.00000458	0.00001426	1.06446575
443	-0.00004684	-0.00002598	0.00005357	-0.51985355
444	-0.00002269	0.00003965	0.00004569	-0.27749164
445	0.00002035	-0.00007146	0.00007430	-1.41413393
446	0.00002328	-0.00000368	0.00002357	1.54047782
447	-0.00001419	-0.00000043	0.00001419	-1.00068847
448	-0.00008866	0.00005684	0.00010532	0.45815542
449	-0.00000697	-0.00001414	0.00001577	-1.53522996
450	0.00004774	-0.00000170	0.00004777	1.21717261
451	-0.00010134	-0.00003741	0.00010802	0.02827301
452	-0.00000343	-0.00012120	0.00012125	-0.57768908
453	0.00001650	-0.00002531	0.00003021	1.19044168
454	-0.00001833	-0.00000733	0.00001974	-0.69357612
455	0.00006364	-0.00007655	0.00009955	-0.40029740
456	0.00003381	-0.00007991	0.00008677	0.12303787
457	0.00000636	0.00005146	0.00005186	0.35999693
458	-0.00003884	-0.00010320	0.00011027	0.30744621
459	0.00001005	0.00003164	0.00003319	-0.84781818
460	0.00001657	-0.00001462	0.00002210	-0.85329373
461	0.00002211	-0.00001929	0.00002934	0.35924463
462	0.00001481	0.00003944	0.00004213	-0.93313252
463	0.00005221	-0.00003868	0.00006498	0.67917316
464	0.00001774	0.00002197	0.00002824	-1.35668343
465	-0.00003384	0.00000736	0.00003464	1.38452552
466	-0.00006270	-0.00001182	0.00006381	-0.50751478
467	0.00000685	-0.00001231	0.00001409	-1.38174002
468	-0.00006923	0.00001325	0.00007049	-0.02822580
469	-0.00000065	0.00002295	0.00002296	0.85655182
470	-0.00003009	-0.00002608	0.00003982	-0.08908534
471	0.00000660	-0.00007393	0.00007422	1.01858777
472	0.00006134	0.00003779	0.00007205	-0.24360123
473	0.00000865	-0.00003482	0.00003587	0.91737854
474	0.00006360	0.00004870	0.00008011	1.26659041
475	-0.00004836	-0.00001518	0.00005069	-1.49522590
476	-0.00007352	0.00000557	0.00007373	0.23216961
477	-0.00000462	-0.00001953	0.00002007	-0.77374514
478	0.00004281	-0.00004382	0.00006126	-0.07744698
479	0.00000523	-0.00006744	0.00006764	0.19796987
480	0.00001381	0.00006886	0.00007023	1.35864834
481	0.00001337	0.00000288	0.00001368	1.00087658
482	-0.00004945	-0.00003169	0.00005873	-0.54073602
483	0.00003639	-0.00006060	0.00007069	0.25819537
484	-0.00000551	-0.00002087	0.00002158	0.46561095
485	0.00002111	0.00004201	0.00004701	0.18244643
486	-0.00000419	-0.00002269	0.00002308	-0.04609203
487	-0.00000289	0.00006258	0.00006265	-0.53893386
488	0.00001265	-0.00002115	0.00002464	-0.71977356
489	-0.00003334	0.00003803	0.00005057	-1.05923687
490	-0.00001247	0.00000700	0.00001431	1.14597341
491	-0.00006896	-0.00003120	0.00007569	1.24558531
492	-0.00002828	-0.00000954	0.00002985	-0.64477704
493	0.00000724	-0.00000963	0.00001205	1.35897069
494	0.00003734	0.00000803	0.00003819	-1.51795483
495	-0.00002228	0.00000118	0.00002231	-1.08010028
496	-0.00003184	0.00001701	0.00003610	-0.70679514
497	-0.00002372	0.00002778	0.00003653	-0.12164023
498	0.00000431	-0.00003523	0.00003549	0.15549813
499	-0.00000703	-0.00004484	0.00004539	0.69773876
500	-0.00002921	-0.00003484	0.00004546	-0.42773497
501	0.00002873	-0.00006303	0.00006927	-1.25034514
502	0.00001994	-0.00000662	0.00002101	-0.91938780
503	0.00009078	-0.00006921	0.00011415	0.10175817
504	0.00000447	0.00004374	0.00004397	0.20492369
505	-0.00000909	-0.00004374	0.00004468	0.86887969
506	-0.00001325	-0.00001120	0.00001735	-0.92085182
507	0.00010696	-0.00008130	0.00013436	1.45292421
508	-0.00004582	-0.00000543	0.00004614	1.47445111
509	0.00005587	0.00000540	0.00005613	0.17544391
510	-0.00000178	-0.00001003	0.00001018	0.29609951
511	0.00001996	0.00006544	0.00006842	1.33630250
512	-0.00004928	-0.00001177	0.00005066	0.86732951
513	-0.00003441	-0.00002919	0.00004512	0.61810812
514	-0.00004213	-0.00005925	0.00007270	-0.32829987
515	0.00001598	-0.00004690	0.00004955	-1.24362656
516	0.00009295	-0.00003154	0.00009816	1.03834810
517	-0.00007622	-0.00004491	0.00008846	-1.30956702
518	0.00010331	-0.00002762	0.00010694	1.20889998
519	0.00001934	0.00000732	0.00002068	-1.07742789
520	0.00003478	-0.00001870	0.00003949	0.01470787
521	-0.00000059	-0.00003995	0.00003996	1.28438639
522	0.00006051	0.00001782	0.00006308	-0.47634909
523	0.00001817	-0.00003522	0.00003964	1.18130850
524	0.00006063	0.00002489	0.00006554	0.31491177
525	0.00000539	0.00001655	0.00001740	0.08702025
526	0.00000519	0.00005954	0.00005976	0.79874422
527	-0.00004809	-0.00004682	0.00006712	0.90808955
528	0.00003499	0.00002731	0.00004438	-0.06526456
529	0.00000813	-0.00012444	0.00012471	1.40221693
530	0.00004195	0.00000714	0.00004255	-0.30305796
531	-0.00001424	0.00004553	0.00004770	-1.35453158
532	-0.00004855	0.00001067	0.00004971	-0.32894754
533	-0.00000789	0.00002312	0.00002443	-0.66446886
534	0.00001418	-0.00001810	0.00002299	-0.32102338
535	0.00001476	-0.00004438	0.00004677	0.77882086
536	-0.00009961	-0.00010093	0.00014181	-0.10620783
537	-0.00000352	0.00003300	0.00003318	-0.27426572
538	0.00001266	-0.00004501	0.00004676	-1.17377955
539	0.00006243	-0.00002617	0.00006769	-1.22048168
540	0.00004418	-0.00001614	0.00004703	1.20437738
541	-0.00007342	-0.00002817	0.00007864	-0.41691017
542	0.00003903	-0.00008812	0.00009637	-0.59631782
543	0.00002029	-0.00002990	0.00003613	-1.27298053
544	0.00005650	-0.00001734	0.00005911	-0.55683809
545	0.00001586	-0.00002548	0.00003001	0.98584906
546	0.00006497	0.00004303	0.00007793	0.67272003
547	-0.00004869	-0.00006112	0.00007814	0.77147224
548	0.00007882	0.00008105	0.00011306	1.16684947
549	-0.00008252	-0.00003527	0.00008974	0.24475413
550	0.00000698	0.00002795	0.00002880	-0.99409497
551	0.00007565	-0.00004921	0.00009025	0.44221441
552	0.00001247	0.00002634	0.00002914	1.56038815
553	0.00004785	0.00000050	0.00004785	-1.27946656
554	-0.00005103	0.00001530	0.00005327	-0.56159124
555	-0.00003982	0.00006329	0.00007478	0.61000892
556	-0.00005709	-0.00008168	0.00009966	0.43338210
557	-0.00003810	-0.00008233	0.00009071	-1.01761221
558	-0.00008516	0.00005258	0.00010008	0.26188458
559	-0.00000926	-0.00003454	0.00003576	0.54729943
560	-0.00003096	-0.00005081	0.00005950	1.50605288
561	-0.00001114	-0.00000072	0.00001117	0.24684162
562	-0.00000865	-0.00003433	0.00003541	0.99177116
563	-0.00006353	-0.00004153	0.00007590	0.05469552
564	-0.00000412	-0.00007521	0.00007532	0.43856783
565	-0.00003192	-0.00006805	0.00007516	-0.95127449
566	0.00009286	-0.00006623	0.00011406	0.77492923
567	-0.00001422	-0.00001452	0.00002032	-0.75275476
568	0.00008834	-0.00009431	0.00012922	1.02031346
569	0.00005786	0.00003551	0.00006789	-0.27611831
570	-0.00000271	0.00000957	0.00000995	1.42790110
571	0.00001170	0.00000168	0.00001182	-0.87419547
572	-0.00000906	0.00000758	0.00001181	-0.49928930
573	0.00000695	-0.00001274	0.00001451	-0.48150925
574	-0.00002164	0.00004141	0.00004672	0.56595277
575	0.00003352	0.00005277	0.00006252	-0.75496834
576	-0.00005698	0.00006056	0.00008315	1.38433210
577	-0.00004908	-0.00000926	0.00004995	-0.29479480
578	-0.00002763	0.00009101	0.00009511	0.93720166
579	-0.00007305	-0.00005367	0.00009064	0.77444226
580	-0.00006112	-0.00006247	0.00008740	1.40810854
581	0.00003626	0.00000595	0.00003675	0.93883170
582	-0.00003081	-0.00002256	0.00003819	-0.96443045
583	0.00002126	-0.00001474	0.00002587	-0.85773287
584	0.00001163	-0.00001006	0.00001538	-0.43090362
585	-0.00003398	0.00007391	0.00008135	0.85965669
586	-0.00007462	-0.00006429	0.00009849	1.16225536
587	0.00005936	0.00002570	0.00006468	-0.05495448
588	0.00000535	-0.00009728	0.00009743	-0.90701873
589	0.00002950	-0.00002307	0.00003745	1.13147806
590	0.00004684	0.00002201	0.00005175	-1.27201454
591	-0.00004220	0.00001300	0.00004415	-1.18389667
592	0.00002590	-0.00001055	0.00002797	-1.18824395
593	0.00000810	-0.00000326	0.00000873	-1.34031500
594	0.00001969	-0.00000462	0.00002022	-0.03766680
595	0.00000315	-0.00008356	0.00008362	0.76724025
596	0.00002293	0.00002378	0.00003303	1.36012060
597	-0.00008758	-0.00001873	0.00008956	1.07657271
598	0.00003610	0.00001945	0.00004101	-1.28622984
599	-0.00002677	0.00000783	0.00002789	1.07768097
600	-0.00002532	-0.00001361	0.00002874	0.05597452
601	-0.00000211	-0.00003764	0.00003770	0.77576961
602	-0.00003506	-0.00003574	0.00005006	-0.05669491
603	0.00000345	-0.00006080	0.00006089	1.08081931
604	-0.00002243	-0.00001196	0.00002542	1.55525763
605	0.00000257	0.00000004	0.00000257	0.60795499
606	-0.00005522	-0.00007935	0.00009667	-0.85536381
607	0.00005743	-0.00004991	0.00007608	-1.38146648
608	-0.00006625	0.00001269	0.00006745	0.35909843
609	-0.00001506	-0.00004012	0.00004285	-0.48380946
610	0.00003436	-0.00006540	0.00007387	-0.75420480
611	0.00002590	-0.00002757	0.00003783	-1.04199298
612	0.00002736	-0.00001599	0.00003169	0.96476760
613	0.00001196	0.00000829	0.00001455	-1.19347789
614	0.00007375	-0.00002923	0.00007933	-0.59780912
615	-0.00004855	0.00007130	0.00008626	-1.10741691
616	0.00010570	-0.00005282	0.00011817	-0.43680136
617	-0.00003190	0.00006833	0.00007541	-0.39088653
618	0.00002103	-0.00005103	0.00005519	1.53645184
619	0.00004290	0.00000147	0.00004292	0.16502922
620	0.00000419	0.00002515	0.00002550	1.34931744
621	-0.00004455	-0.00001003	0.00004567	-0.20252880
622	0.00000331	-0.00001611	0.00001644	1.21747679
623	-0.00003507	-0.00001293	0.00003738	-1.06534482
624	-0.00004286	0.00002372	0.00004898	-0.25301920
625	0.00001093	-0.00004229	0.00004368	0.12017932
626	0.00000656	0.00005435	0.00005475	0.13146696
627	-0.00001206	-0.00009118	0.00009197	0.50610443
628	0.00001729	0.00003120	0.00003567	-1.41768138
629	-0.00003757	0.00000580	0.00003801	1.11325835
630	-0.00004111	-0.00002024	0.00004582	-1.37424638
631	0.00005173	-0.00001030	0.00005275	-1.17589040
632	-0.00003112	0.00001297	0.00003372	-1.32881573
633	-0.00003589	0.00000886	0.00003697	-0.61439152
634	0.00001286	-0.00001823	0.00002230	-0.32838303
635	-0.00001107	0.00003250	0.00003434	0.97576866
636	-0.00005754	-0.00003895	0.00006948	1.15853878
637	0.00001006	0.00000440	0.00001098	0.65582860
638	-0.00002705	-0.00003515	0.00004435	-0.39375531
639	0.00000482	-0.00001161	0.00001257	1.52261967
640	0.00002311	0.00000111	0.00002314	-0.47660343
641	0.00000973	-0.00001884	0.00002120	0.58436894
642	-0.00001304	-0.00001972	0.00002364	-1.20521867
643	-0.00001630	0.00000624	0.00001746	1.03597458
644	-0.00000406	-0.00000241	0.00000472	0.80980807
645	-0.00005248	-0.00004998	0.00007247	0.39205165
646	0.00001700	0.00004112	0.00004449	0.67262848
647	-0.00001004	-0.00001260	0.00001611	-1.31647568
648	-0.00003227	0.00000839	0.00003334	1.39862628
649	-0.00004620	-0.00000803	0.00004689	0.26606926
650	-0.00000664	-0.00002437	0.00002526	0.82052688
651	-0.00003225	-0.00003006	0.00004409	1.43238967
652	0.00000749	0.00000104	0.00000756	0.50021314
653	-0.00002085	-0.00003814	0.00004346	0.88442001
654	-0.00002456	-0.00002012	0.00003174	-0.54865471
655	0.00004483	-0.00007334	0.00008596	-1.21858616
656	-0.00006033	0.00002217	0.00006427	0.49848871
657	-0.00000222	-0.00000407	0.00000463	-1.45187891
658	-0.00001254	0.00000150	0.00001263	-0.99677461
659	0.00001108	-0.00000717	0.00001320	-0.21001291
660	0.00000753	-0.00003531	0.00003611	-1.56368642
661	0.00005547	-0.00000039	0.00005547	0.60941998
662	-0.00001770	-0.00002535	0.00003092	-0.10837510
663	0.00000178	-0.00001639	0.00001649	1.32806526
664	0.00003189	0.00000790	0.00003285	-1.25010662
665	-0.00005541	0.00001840	0.00005838	0.09771333
666	-0.00000648	-0.00006615	0.00006647	-0.53468534
667	-0.00001774	0.00002996	0.00003482	-0.51367888
668	-0.00000570	0.00001011	0.00001160	0.59893701
669	0.00000966	0.00001415	0.00001714	-0.73813744
670	0.00003712	-0.00004081	0.00005517	0.26917086
671	0.00000725	0.00002630	0.00002728	0.83147579
672	0.00001484	0.00001353	0.00002009	-0.77017621
673	0.00000339	-0.00000349	0.00000487	0.06727500
674	0.00000189	0.00002812	0.00002818	1.48750708
675	-0.00002800	-0.00000234	0.00002810	-1.23782446
676	0.00004309	-0.00001490	0.00004559	0.93364655
677	-0.00001677	-0.00001241	0.00002086	0.55052541
678	-0.00001176	-0.00001916	0.00002249	0.05949113
679	-0.00000115	-0.00001931	0.00001934	1.39943341
680	0.00001065	0.00000184	0.00001081	1.10985526
681	-0.00002318	-0.00001151	0.00002588	0.03322696
682	-0.00000065	-0.00001956	0.00001957	0.74634004
683	-0.00001118	-0.00001208	0.00001646	1.35134863
684	-0.00005683	-0.00001267	0.00005822	1.52829024
685	0.00006881	0.00000293	0.00006887	-1.29755838
686	-0.00002278	0.00000639	0.00002366	-0.71961674
687	0.00002746	-0.00003134	0.00004167	1.22642377
688	-0.00000577	-0.00000207	0.00000613	0.10678626
689	0.00000269	0.00002513	0.00002528	-0.66438740
690	0.00001816	-0.00002318	0.00002945	0.84562444
691	-0.00001054	-0.00000934	0.00001409	1.14654449
692	-0.00002457	-0.00001110	0.00002696	-1.19138489
693	0.00001324	-0.00000528	0.00001425	-0.75920837
694	0.00001545	-0.00001628	0.00002244	-0.32954286
695	-0.00001858	0.00005434	0.00005743	-0.45509756
696	-0.00000644	0.00001315	0.00001464	0.88890258
697	-0.00002150	-0.00001746	0.00002770	0.77199384
698	-0.00001255	-0.00001290	0.00001800	1.23244877
699	-0.00002281	-0.00000803	0.00002418	0.10748760
700	-0.00000189	-0.00001749	0.00001760	-0.40057619
701	0.00000648	-0.00001530	0.00001661	-0.00813354
702	0.00000009	-0.00001168	0.00001168	0.09487273
703	-0.00000338	-0.00003549	0.00003565	0.13150504
704	0.00000728	0.00005506	0.00005554	0.92739699
705	-0.00004991	-0.00003742	0.00006238	1.35019550
706	0.00001570	0.00000352	0.00001609	0.64856188
707	-0.00000479	-0.00000632	0.00000794	1.37443842
708	0.00001127	0.00000224	0.00001149	0.79891516
709	-0.00001293	-0.00001259	0.00001805	-0.84859207
710	-0.00003025	0.00002665	0.00004031	1.03893087
711	-0.00001830	-0.00001077	0.00002123	0.91153792
712	-0.00002605	-0.00002019	0.00003296	-0.11853343
713	0.00000379	-0.00003186	0.00003209	-0.29292184
714	0.00001441	-0.00004778	0.00004991	-1.01173449
715	0.00002696	-0.00001687	0.00003180	-0.85916243
716	-0.00002301	0.00001984	0.00003038	0.95388293
717	0.00003297	0.00002338	0.00004042	-0.42602115
718	0.00000915	-0.00002017	0.00002215	-0.10464432
719	-0.00000295	0.00002810	0.00002825	1.10703022
720	-0.00003442	-0.00001722	0.00003849	0.10512060
721	-0.00000302	-0.00002860	0.00002875	1.48305027
722	0.00001280	0.00000113	0.00001285	-0.25586622
723	0.00000053	-0.00000204	0.00000210	-0.25580545
724	0.00000837	-0.00003202	0.00003310	-1.12561004
725	-0.00001787	0.00000853	0.00001980	-1.34733398
726	-0.00003277	0.00000745	0.00003360	-1.37935784
727	-0.00006507	0.00001261	0.00006628	1.32600856
728	0.00001484	0.00000371	0.00001530	0.96283630
729	-0.00001585	-0.00001103	0.00001932	-0.12477222
730	0.00000185	-0.00001473	0.00001485	1.09906646
731	-0.00002685	-0.00001370	0.00003014	-1.11321071
732	0.00001252	-0.00000616	0.00001395	-0.57154638
733	0.00002978	-0.00004630	0.00005504	-0.26908914
734	-0.00001761	0.00006386	0.00006625	0.12740974
735	-0.00000787	-0.00006143	0.00006193	-1.41675399
736	-0.00001459	0.00000227	0.00001477	-0.70816055
737	0.00002695	-0.00003147	0.00004144	1.04147057
738	0.00000941	0.00000551	0.00001090	-0.60402151
739	0.00003719	-0.00005390	0.00006548	0.64133692
740	0.00001020	0.00001367	0.00001706	-0.51096040
741	0.00000939	-0.00001676	0.00001921	-1.16972238
742	0.00001411	-0.00000598	0.00001532	0.22308764
743	0.00001378	0.00006073	0.00006228	0.66547730
744	-0.00004433	-0.00005647	0.00007179	1.29744473
745	0.00005580	0.00001564	0.00005795	0.96955503
746	-0.00001860	-0.00001276	0.00002255	0.13462170
747	0.00000342	0.00002523	0.00002546	-0.01784872
748	-0.00000030	0.00001696	0.00001696	1.25698503
749	0.00002551	0.00000828	0.00002682	-1.00358022
750	-0.00002779	0.00001770	0.00003295	-1.52978717
751	-0.00006484	0.00000266	0.00006490	1.10931081
752	0.00000461	0.00000229	0.00000515	0.74428607
753	-0.00003556	-0.00003861	0.00005249	-1.49743280
754	0.00003416	-0.00000251	0.00003425	-1.43110622
755	-0.00006870	0.00000966	0.00006937	1.43369622
756	-0.00001143	-0.00000158	0.00001154	0.53598575
757	-0.00001755	-0.00002954	0.00003436	1.18406035
758	-0.00002214	-0.00000902	0.00002391	1.44951808
759	-0.00000878	-0.00000107	0.00000884	-0.93774860
760	0.00003015	-0.00002212	0.00003740	-0.82486358
761	0.00001930	-0.00001783	0.00002627	-0.19992884
762	0.00000027	-0.00000132	0.00000134	-0.85906334
763	0.00004164	-0.00003591	0.00005499	-0.10335442
764	-0.00000582	0.00005607	0.00005637	0.20959528
765	-0.00001273	-0.00005987	0.00006121	1.26214949
766	-0.00001268	-0.00000404	0.00001331	-1.17344662
767	-0.00000157	0.00000066	0.00000171	0.79955437
768	-0.00000856	-0.00000832	0.00001194	-1.17311073
769	0.00005863	-0.00002463	0.00006359	0.85782497
770	0.00000360	0.00000312	0.00000476	-0.96885809
771	-0.00002624	0.00001803	0.00003184	-1.21911789
772	-0.00001581	0.00000580	0.00001684	-0.72836603
773	-0.00003131	0.00003511	0.00004704	0.65979373
774	-0.00004832	-0.00006229	0.00007883	0.74526995
775	0.00002340	0.00002535	0.00003450	0.29698215
776	-0.00001555	-0.00005081	0.00005314	-1.55283543
777	-0.00001333	0.00000024	0.00001334	-0.01824116
778	0.00000086	-0.00004714	0.00004714	1.13885172
779	-0.00002321	-0.00001070	0.00002555	0.27019950
780	-0.00000692	-0.00002497	0.00002591	-0.09860582
781	0.00000228	-0.00002306	0.00002318	-0.54960286
782	0.00001148	-0.00001874	0.00002197	0.31413689
783	-0.00001699	-0.00005230	0.00005499	-0.82203796
784	0.00003546	-0.00003296	0.00004841	0.70785160
785	-0.00004337	-0.00005068	0.00006670	1.09887928
786	-0.00000440	-0.00000224	0.00000493	-0.55205912
787	0.00001400	-0.00002273	0.00002670	1.31371534
788	0.00003343	0.00000879	0.00003457	0.37545963
789	-0.00001641	-0.00004163	0.00004475	-0.98036183
790	0.00002138	-0.00001433	0.00002573	-1.10593653
791	0.00003997	-0.00002005	0.00004472	0.41520331
792	-0.00001343	-0.00003045	0.00003328	1.28173950
793	0.00005774	0.00001717	0.00006024	-0.48949831
794	-0.00002275	0.00004270	0.00004838	-1.24208016
795	0.00005089	-0.00001736	0.00005377	0.17935443
796	-0.00000184	-0.00001016	0.00001032	-1.25518675
797	0.00000930	-0.00000304	0.00000978	0.90257661
798	-0.00003204	-0.00002529	0.00004081	-1.04732214
799	0.00001993	-0.00001150	0.00002301	0.08406803
800	-0.00000260	-0.00003080	0.00003091	-1.54434470
801	0.00001855	-0.00000049	0.00001855	1.04297809
802	0.00003113	0.00001815	0.00003604	0.77918694
803	-0.00002462	-0.00002493	0.00003503	-0.02077221
804	0.00000124	-0.00005953	0.00005955	-1.31160990
805	-0.00004015	0.00001065	0.00004154	-1.53445791
806	0.00002404	-0.00000087	0.00002405	-0.04551834
807	0.00000259	-0.00005693	0.00005699	0.23578946
808	0.00000179	0.00000747	0.00000768	-1.54396341
809	-0.00001991	0.00000053	0.00001992	-0.38880431
810	0.00001175	-0.00002869	0.00003101	-0.80525772
811	0.00003125	-0.00003003	0.00004334	1.14856044
812	-0.00001244	-0.00000559	0.00001364	0.12611662
813	-0.00000673	-0.00005306	0.00005348	-0.64012606
814	0.00001624	-0.00002181	0.00002719	-0.42246532
815	0.00001093	-0.00002430	0.00002665	-1.05158509
816	0.00002277	-0.00001301	0.00002622	-0.74981203
817	0.00003069	-0.00003295	0.00004503	1.37385189
818	0.00001417	0.00000283	0.00001445	0.05069277
819	-0.00000139	-0.00002737	0.00002740	0.69383425
820	0.00001483	0.00001783	0.00002320	1.07701450
821	0.00000912	0.00000491	0.00001036	0.79663933
822	-0.00001940	-0.00001896	0.00002713	-1.43917075
823	0.00003271	-0.00000433	0.00003299	-1.31384651
824	-0.00003139	0.00000825	0.00003245	-1.03063537
825	0.00001361	-0.00000816	0.00001587	0.63797301
826	-0.00001862	-0.00002511	0.00003126	-0.60401840
827	-0.00001371	0.00001986	0.00002413	0.31372019
828	-0.00002168	-0.00006683	0.00007026	-0.37530785
829	-0.00000225	0.00000570	0.00000613	-0.84017736
830	-0.00002621	0.00002348	0.00003519	-1.07783331
831	0.00001861	-0.00001000	0.00002113	0.91223598
832	-0.00001851	-0.00001433	0.00002341	0.21538288
833	-0.00000580	-0.00002651	0.00002714	-1.04636318
834	0.00002479	-0.00001434	0.00002864	-0.98860570
835	0.00002404	-0.00001583	0.00002878	-0.14245619
836	0.00000533	-0.00003720	0.00003758	0.96482869
837	-0.00001745	-0.00001209	0.00002123	-0.97936275
838	0.00004325	-0.00002905	0.00005210	0.65824052
839	-0.00001061	-0.00001372	0.00001734	-0.47474209
840	0.00000777	-0.00001512	0.00001700	-1.39037640
841	0.00001809	-0.00000330	0.00001839	1.40430814
842	-0.00001608	-0.00000270	0.00001631	-1.43534019
843	0.00003293	-0.00000449	0.00003323	1.17999700
844	-0.00000698	-0.00000287	0.00000755	-0.75779795
845	0.00001072	-0.00001133	0.00001560	-1.33521121
846	-0.00003819	0.00000917	0.00003928	1.11174090
847	0.00003401	0.00001681	0.00003794	-1.31192736
848	-0.00003491	0.00000925	0.00003612	0.40417381
849	-0.00001508	-0.00003527	0.00003836	-1.17693615
850	0.00004224	-0.00001755	0.00004574	-0.44222291
851	-0.00001669	0.00003525	0.00003900	-0.46334725
852	0.00000702	-0.00001405	0.00001571	-0.42602260
853	-0.00000618	0.00001362	0.00001496	-0.15512152
854	0.00000416	-0.00002661	0.00002693	-0.34834519
855	0.00000895	-0.00002465	0.00002622	-0.72864881
856	0.00000704	-0.00000789	0.00001057	-0.98532046
857	0.00002115	-0.00001402	0.00002538	-0.11966360
858	0.00000604	-0.00005023	0.00005060	1.35206103
859	0.00003103	0.00000690	0.00003179	-1.14155750
860	0.00001129	-0.00000517	0.00001242	-0.80506566
861	0.00002387	-0.00002295	0.00003311	-1.35394274
862	-0.00002084	0.00000459	0.00002134	1.19630854
863	-0.00001657	-0.00000651	0.00001781	1.38348115
864	-0.00002040	-0.00000387	0.00002077	0.65233372
865	-0.00001927	-0.00002522	0.00003174	0.34328115
866	-0.00000934	-0.00002613	0.00002775	0.26679877
867	-0.00001003	-0.00003670	0.00003804	-0.78659709
868	0.00002438	-0.00002433	0.00003444	-0.11738789
869	0.00000335	-0.00002841	0.00002860	1.49476973
870	0.00001561	0.00000119	0.00001565	1.10992912
871	0.00003085	0.00001532	0.00003444	0.44943603
872	-0.00002014	-0.00004175	0.00004635	0.79405800
873	0.00000727	0.00000715	0.00001020	1.24704652
874	0.00000619	0.00000208	0.00000653	1.36414547
875	0.00002123	0.00000445	0.00002169	1.09345160
876	0.00000929	0.00000481	0.00001046	0.43711579
877	0.00001248	0.00002671	0.00002949	1.11529442
878	-0.00003631	-0.00001779	0.00004043	1.21689832
879	-0.00002446	-0.00000904	0.00002608	1.33320896
880	-0.00001399	-0.00000339	0.00001439	1.41118257
881	-0.00001432	-0.00000231	0.00001451	1.05978453
882	-0.00001284	-0.00000720	0.00001472	0.53738665
883	-0.00001027	-0.00001724	0.00002007	0.06512634
884	-0.00000176	-0.00002696	0.00002702	0.14450726
885	-0.00000371	-0.00002550	0.00002577	1.14907997
886	-0.00001713	-0.00000768	0.00001877	1.14206598
887	-0.00000852	-0.00000389	0.00000937	0.20341413
888	0.00000223	0.00001081	0.00001104	-0.71551938
889	0.00000569	-0.00000655	0.00000868	0.06174966
890	-0.00000104	-0.00001679	0.00001682	0.80990982
891	-0.00001443	-0.00001374	0.00001993	-1.28431474
892	-0.00002183	0.00000643	0.00002276	0.36830772
893	-0.00000329	-0.00000852	0.00000913	0.60895207
894	-0.00002073	-0.00002973	0.00003624	0.61821518
895	-0.00000877	-0.00001234	0.00001514	0.63044784
896	-0.00001052	-0.00001442	0.00001785	-0.70116501
897	0.00002790	-0.00003304	0.00004324	0.89110966
898	0.00000967	0.00000782	0.00001243	1.45331475
899	-0.00001775	-0.00000209	0.00001787	1.06712543
900	-0.00003192	-0.00001759	0.00003644	-0.24142260
901	0.00000468	-0.00001901	0.00001958	0.85329686
902	-0.00003822	-0.00003335	0.00005073	-1.37313592
903	0.00003054	-0.00000612	0.00003115	1.21825637
904	0.00000911	0.00000335	0.00000970	1.01162779
905	-0.00003284	-0.00002055	0.00003874	-1.27531183
906	0.00002008	-0.00000611	0.00002099	0.04862145
907	-0.00000093	-0.00001918	0.00001920	0.64187985
908	-0.00001742	-0.00002331	0.00002910	0.30746526
909	0.00000227	0.00000714	0.00000749	1.51384460
910	-0.00001627	-0.00000093	0.00001630	0.57520413
911	-0.00001277	-0.00001969	0.00002347	0.98793244
912	-0.00000217	-0.00000143	0.00000260	-0.14638364
913	0.00000236	-0.00001603	0.00001620	-0.93483453
914	0.00002043	-0.00001508	0.00002539	-0.43340287
915	0.00001538	-0.00003324	0.00003663	-0.08437583
916	0.00000184	-0.00002177	0.00002185	0.63834802
917	-0.00002351	-0.00003169	0.00003946	-0.14032508
918	0.00000341	-0.00002417	0.00002441	-0.36530327
919	0.00000078	-0.00000204	0.00000218	0.14243017
920	0.00000146	0.00001019	0.00001029	-0.86804274
921	-0.00002869	0.00002430	0.00003759	-0.45558851
922	0.00000671	-0.00001369	0.00001524	-0.05083452
923	0.00000029	-0.00000564	0.00000565	-1.10322657
924	-0.00001034	0.00000522	0.00001158	-1.24560738
925	-0.00002702	0.00000911	0.00002851	0.24296339
926	0.00000476	0.00001919	0.00001977	-0.51334333
927	-0.00000412	0.00000731	0.00000839	-1.31072647
928	-0.00002329	0.00000620	0.00002410	0.96314138
929	-0.00002514	-0.00001748	0.00003062	0.86979516
930	-0.00002348	-0.00001982	0.00003073	0.75912675
931	-0.00002744	-0.00002893	0.00003987	-1.18683100
932	-0.00000383	0.00000155	0.00000414	1.27067226
933	-0.00004000	-0.00001238	0.00004187	0.13041694
934	-0.00000343	-0.00002618	0.00002641	0.60727435
935	-0.00002035	-0.00002929	0.00003567	-0.58364412
936	0.00003132	-0.00004742	0.00005683	0.34921050
937	-0.00000389	-0.00001069	0.00001137	1.52569552
938	0.00003520	0.00000159	0.00003524	0.89890730
939	0.00003532	0.00002809	0.00004513	1.28529298
940	0.00001456	0.00000427	0.00001517	-0.96465079
941	-0.00002584	0.00001791	0.00003144	0.34314411
942	-0.00001399	-0.00003917	0.00004159	-0.60457436
943	0.00001854	-0.00002683	0.00003261	0.63982296
944	0.00000866	0.00001164	0.00001451	-1.23101763
945	-0.00003736	0.00001321	0.00003962	0.22954733
946	-0.00000440	-0.00001881	0.00001932	0.50010958
947	-0.00001346	-0.00002463	0.00002807	0.39384902
948	0.00001057	0.00002543	0.00002754	-0.11989781
949	0.00000067	-0.00000557	0.00000561	0.94666104
950	-0.00001883	-0.00001356	0.00002320	1.43044143
951	-0.00002177	-0.00000308	0.00002198	0.89400973
952	-0.00001563	-0.00001255	0.00002005	-0.87537014
953	0.00000717	-0.00000599	0.00000934	1.13155780
954	-0.00001804	-0.00000847	0.00001993	0.61227135
955	-0.00003000	-0.00004272	0.00005221	-1.43246069
956	0.00000472	-0.00000066	0.00000476	-0.01492706
957	0.00000020	-0.00001322	0.00001322	-0.37439183
958	-0.00000315	0.00000803	0.00000862	-0.95301350
959	-0.00000315	0.00000224	0.00000387	-1.20500424
960	0.00000770	-0.00000295	0.00000824	-1.55721262
961	-0.00003300	0.00000045	0.00003300	-1.08421323
962	-0.00001175	0.00000622	0.00001329	-1.28461222
963	-0.00002980	0.00000877	0.00003107	-0.99818602
964	-0.00002144	0.00001382	0.00002551	0.85494079
965	0.00001897	0.00001650	0.00002514	-1.55236506
966	-0.00002722	0.00000050	0.00002723	0.78928545
967	-0.00000376	-0.00000373	0.00000530	-0.17966112
968	0.00000492	-0.00002710	0.00002754	-0.00059504
969	0.00000001	-0.00001502	0.00001502	-1.23429051
970	0.00000940	-0.00000329	0.00000995	0.50316320
971	-0.00001921	-0.00003490	0.00003984	-1.43039748
972	0.00001058	-0.00000150	0.00001069	-0.00163830
973	0.00000001	-0.00000315	0.00000315	0.24170607
974	0.00000271	0.00001098	0.00001131	-0.31966474
975	-0.00000792	0.00002394	0.00002522	1.38369819
976	-0.00001672	-0.00000316	0.00001701	-0.73172650
977	-0.00002457	0.00002736	0.00003677	-1.29428918
978	-0.00002631	0.00000747	0.00002735	0.38405472
979	0.00001265	0.00003129	0.00003375	0.78485762
980	0.00002311	0.00002313	0.00003270	-0.78624487
981	-0.00002920	0.00002915	0.00004125	-1.15157019
982	-0.00003120	0.00001390	0.00003416	-0.37986238
983	-0.00000761	0.00001906	0.00002052	0.89553108
984	-0.00001900	-0.00001522	0.00002434	0.22417725
985	-0.00000462	-0.00002026	0.00002078	-0.03579690
986	-0.00000107	0.00002994	0.00002996	0.89494092
987	-0.00002878	-0.00002308	0.00003689	-1.43699907
988	-0.00003783	0.00000509	0.00003817	0.85117279
989	-0.00002442	-0.00002140	0.00003247	0.87562759
990	-0.00000586	-0.00000488	0.00000763	0.67926346
991	-0.00001797	-0.00002225	0.00002860	0.62197942
992	-0.00001292	-0.00001803	0.00002218	0.96507466
993	-0.00002326	-0.00001611	0.00002829	-1.34485362
994	0.00002880	-0.00000662	0.00002955	0.11113667
995	-0.00000481	-0.00004309	0.00004336	1.42173196
996	0.00002106	0.00000316	0.00002130	1.06292322
997	0.00003125	0.00001739	0.00003576	-0.09099045
998	-0.00000070	0.00000766	0.00000769	0.35506988
999	0.00001243	0.00003352	0.00003575	-0.19831737
