1.246952277043666
0.6822167345848471
0.7612882841650869
1.0143461254718957
0.6786602635417754
0.9394793304063069
0.7058818936739757
0.9585898545469603
0.6906763325411567
0.932174488074311
0.7049930988095963
0.9307046048795945
0.7044804891817068
0.9105974236482036
0.71749091949466
0.9020766540256802
0.7238173037479364
0.8827210887462781
0.7372981701640052
0.8705816804419466
0.7476195155142461
0.8508480698872902
0.7614827468548344
0.8368650155159989
0.774142114245201
0.8167399960373322
0.7876697714716465
0.8023053804318446
0.801442833878718
0.7820791154470103
0.8135889866832038
0.768537900185178
0.8275451424588177
0.7483885135177574
0.8369556158873469
0.7372685566209987
0.8505831254429964
0.7167093905487524
0.8552966099292341
0.7103206686536125
0.8690776491186032
0.6865474087922998
0.8651137539632746
0.6909207180501709
0.8832717118116344
0.6491200963817066
0.8555937637446007
0.7049249803720479
0.9132812891033624
0.33664641351276486
-0.22892065314074245
0.13278518703125683
-0.46324843685550354
-0.9997625621677776
-0.778301880867718
-0.9156013623057995
-0.7068274511759303
-0.9352111071624283
-0.735345448790956
-0.9080497006445899
-0.722590766082035
-0.9066963711611502
-0.7383793193556042
-0.8872124449030958
-0.738691350211658
-0.8783211942717823
-0.7533579359894214
-0.8601921672428208
-0.7595619740854525
-0.8470604825542264
-0.7749413897048308
-0.8290312407749441
-0.7842533832193928
-0.8132451975130636
-0.8003933705541038
-0.79541160210015
-0.811007393328586
-0.778067403272309
-0.8274603400540935
-0.7610577022428239
-0.8378034414406251
-0.7429742668274589
-0.8540547986401129
-0.7277067128510267
-0.8624786062528192
-0.7093327740960876
-0.878294608038918
-0.6970206677535498
-0.8826514132692773
-0.6780066793535036
-0.898825373235238
-0.6705874461526509
-0.8950025764009006
-0.6481885828798835
-0.9165870579493236
-0.6507808453984367
-0.8894457895510572
-0.6101939635500021
-0.9587552770413728
-0.6562056454474303
-0.6170236272356143
-1.088577273185063
