0.4357218907204773
0.8658700720519161
0.7246916931523791
0.8207923074549703
0.7941436201172662
0.7766347922089061
0.8225085518924534
0.7758252732922089
0.8081310563872937
0.8009188184718266
0.7865969254651407
0.8140665112561557
0.7872936285712343
0.8034147140237747
0.8036384805011481
0.7896348566065414
0.8105084804737643
0.7925465618782901
0.8005640933181071
0.8053553096376721
0.7908580388109874
0.8083943853943402
0.7877617325756292
0.7803023591665297
0.7829824306218481
0.7653808076665184
0.7829305938507555
0.7803648571073797
0.787735270728261
0.8083737751565213
0.7909071125810623
0.8052974152571268
0.8005761837425998
0.7925914760590328
0.8104573090993293
0.789652783347511
0.8036435307399735
0.8033812078894206
0.7873191936506025
0.8140604066219755
0.7865847862844646
0.8009282438921861
0.8081307117084994
0.7758254864364772
0.8225011186987843
0.7766488075162913
0.7941360709178774
0.820781081691723
0.724717761842552
0.8658783471675914
0.4357691994299226
-0.6459947783207727
-0.8841447288741754
-0.7097289424533266
-0.8337131923763048
-0.7799879189866383
-0.7787128202188771
-0.8203375645953693
-0.7659904545712657
-0.8128445052907027
-0.7900805839043731
-0.7859332745384184
-0.8122019116536605
-0.7772424431988745
-0.8075469437032379
-0.7931022924732553
-0.7883638565345837
-0.8092439566180775
-0.781541508555732
-0.8054578588306927
-0.794270113715161
-0.7894303492286643
-0.8079061950246376
-0.7784829321505728
-0.7930318662670556
-0.7798947362833104
-0.7757456739953607
-0.7974523675821061
-0.7813486940019926
-0.8050972554535113
-0.7939157122904767
-0.7897676469708952
-0.8081553899037401
-0.7815466674583854
-0.8065270285719464
-0.7925224913873817
-0.7888188725034597
-0.8102033024036304
-0.7768222640580229
-0.8101189119428006
-0.789275142123655
-0.7860846779830566
-0.8157705610479641
-0.7639494985523919
-0.8203009435959476
-0.7793113424760039
-0.7764975979452129
-0.8377451680925001
-0.6983370024604045
-0.8924569974094759
-0.5766336319360839
0.6125783836742814
0.9051654178232229
0.6970973040164972
0.8477863149010558
0.7784562745360084
0.7822647473945941
0.8286914475115068
0.7627814432164836
0.823902642132584
0.7889945945843264
0.7911291290561522
0.8187808019289059
0.7757409237725013
0.8176889316015337
0.7924161139321043
0.7936912600097737
0.815440190078822
0.7805725248564649
0.8151710894214704
0.7939379338388662
0.7945662356461304
0.8142270009500154
0.7733947112607744
0.7969985769026376
0.773206683139597
0.7732264321860769
0.7970202023148673
0.7733505312706312
0.8142411302657114
0.7946044830164075
0.7938800942260065
0.8152075554624689
0.7805658731005815
0.8153863232154154
0.7937755267369574
0.7923801650019615
0.8176589895935232
0.7758009437816518
0.8187140675820187
0.7911493837914321
0.7890407191239851
0.8238501537110153
0.7627990859875295
0.8286865015200182
0.7822474556653536
0.7784969113858433
0.8477753344292372
0.6970613020428299
0.90518696920493
0.6125943940253367
-0.576660345154613
-0.8924203445414225
-0.698328662143648
-0.837788974483448
-0.77644231801005
-0.7793220231491116
-0.8203296760644062
-0.7639038925458982
-0.8158134722840242
-0.7860599743438698
-0.7892540439606508
-0.8101705161968492
-0.7767606112626659
-0.8102375185880353
-0.7888586797144227
-0.7924501016075501
-0.8065681035070599
-0.7815420390963624
-0.8081230329678205
-0.7898162109436935
-0.7938981984656142
-0.805085383250155
-0.7813606562659797
-0.7974562946882983
-0.7757330492141018
-0.7798730601221929
-0.7930859930983261
-0.778474933996655
-0.807877391130037
-0.7894765998623972
-0.794224020031417
-0.8054492421765725
-0.7816098672342002
-0.8092145683047195
-0.7883394359654482
-0.7931200216319291
-0.8075441947742742
-0.7772496101122027
-0.8122169864579387
-0.7859064786084757
-0.7900587576382476
-0.8128924646629873
-0.7659772742351036
-0.8203033155061069
-0.7787509135488753
-0.7799594016918436
-0.833715719820794
-0.7097732496379381
-0.8840940341057094
-0.6460024522158235
