0.20971839311047527
0.4968759469573333
0.7303781306661725
0.8888914924851281
0.9661629443320434
0.9713273272240373
0.925599632583094
0.8563395554502629
0.790124965502292
0.7466581272355135
0.7350146999790521
0.753033071264879
0.7897426517841427
0.8299034407076316
0.8592059038494448
0.8685961541082237
0.8565515463945694
0.82881204036722
0.7958599007952247
0.7690975078081604
0.7570101894080159
0.7625301871939623
0.7823769160207886
0.8084863603952531
0.8309707254506701
0.8415774719083424
0.8364869779407956
0.8175333173065195
0.791468249649594
0.7675397434693291
0.754213781788803
0.7561533623775395
0.7724896856937976
0.7970010908617686
0.8201872081242331
0.8325884470441445
0.8282593523997557
0.8072050361781491
0.7758742065068557
0.745391881195777
0.7279337054903507
0.7322708052108116
0.7598502861655
0.802706428012366
0.8440266132563337
0.8614512112876059
0.8323813079612664
0.7399396375955378
0.5779692946257009
0.35364882684254184
0.08690681613490421
-0.19333057558137678
-0.4551675921912522
-0.6705283147685145
-0.820983692383408
-0.9011553755220698
-0.9188964912223451
-0.892320316416744
-0.8445821438387138
-0.7978842626857856
-0.768315995821888
-0.7628307960035129
-0.7790014060919004
-0.8073817126093285
-0.8355786188416802
-0.8527057231673385
-0.8528676733299749
-0.83670089838319
-0.8106457502361074
-0.7843418893209415
-0.7671034225421665
-0.7646752360851868
-0.7773313751561017
-0.7999044731293387
-0.8236878583038931
-0.8395368636153586
-0.8411079703516011
-0.827135330369297
-0.8019646834232301
-0.7741415447774582
-0.7534989696856214
-0.7477014803372986
-0.7594086753517356
-0.7850519666757383
-0.8157167551400506
-0.8399422189809772
-0.8476042542481782
-0.8336417800240836
-0.8003608364256942
-0.7574286193081995
-0.7193500058713093
-0.7010041641451762
-0.7124710069782721
-0.7546907784110598
-0.8173641472400278
-0.879935114185818
-0.9156538375774024
-0.8978281053006041
-0.8066977521922956
-0.6351080653583062
-0.39140317116902645
-0.09865286532533467
