0.05341525780771079
0.179137482800983
0.3009587522087899
0.4165697336128464
0.5238890605129786
0.6211271027460993
0.7068374961935157
0.7799549038576051
0.8398181095756082
0.8861781778884938
0.9191920173526285
0.9394022321270165
0.947704615543028
0.9453050134788181
0.9336675555500982
0.9144564161900466
0.8894733299300073
0.8605930555227571
0.8296988762361198
0.7986200558023043
0.7690729594909604
0.742607315578981
0.7125466093203364
0.686106718355248
0.6699022468155482
0.6644433045899262
0.6699015150438616
0.6861052822722552
0.7125445228514945
0.7426050743065651
0.7690703479570924
0.7986171902743655
0.8296958862242148
0.8605900788555876
0.8894705074462845
0.9144538862333329
0.933665448470075
0.9453034463509385
0.9477036873200579
0.9394020194291183
0.9191925710866293
0.8861795208614871
0.8398202352332481
0.7799577762342054
0.7068410511106762
0.6211312502411568
0.5238936884205789
0.41657471216535313
0.30096393946726985
0.17914273068138387
0.053420418429706504
-0.07373958296285407
-0.19980114530643373
-0.3222412068885701
-0.4386366068980291
-0.5467484704168087
-0.644600656899969
-0.7305489672628179
-0.8033381476976131
-0.8621442180723314
-0.9066002667200705
-0.9368045619122067
-0.9533105981288951
-0.9570994837643894
-0.9495358463341316
-0.9323091429638941
-0.9073628827456063
-0.8768147636914513
-0.8428710778507241
-0.8077389292844549
-0.7735398355360059
-0.742228147474633
-0.7155174368765601
-0.6899962691298813
-0.6694808632987657
-0.660738935381106
-0.6631941889767903
-0.6772370116891897
-0.7025719719553153
-0.7280753851830799
-0.7567090756030361
-0.7888650768298839
-0.8227626406202342
-0.8564622458701449
-0.8879369358888253
-0.9151455541295245
-0.9361054261245684
-0.9489621727491403
-0.9520545369497693
-0.9439723480958917
-0.9236060213638039
-0.8901862819904116
-0.8433131061223371
-0.7829731742306709
-0.7095454351266728
-0.6237946761816995
-0.5268532877335328
-0.42019169701808234
-0.30557822947946384
-0.18502943234372204
-0.0607521647144466
0.06492098407835578
0.18960114713848022
0.31091549125052165
0.426580200714534
0.5344718243642476
0.632694615564274
0.719641508495783
0.7940464716739368
0.8550261681227341
0.90210913356436
0.9352510570026805
0.9548352043554141
0.9616575518523129
0.9568967729455963
0.9420698269839205
0.9189745028086291
0.8896208465015866
0.8561539200100486
0.820770767864548
0.7856347873850114
0.7527908831610686
0.7240848250093282
0.6921132403894755
0.6678273282522967
0.6554567271815188
0.6554566101803756
0.6678269826102143
0.6921126818647805
0.7240839750349162
0.7527898551618805
0.7856336249482792
0.8207695191185074
0.8561526351200633
0.889619575178264
0.9189732919945155
0.9420687188676117
0.9568958034230061
0.961656749516899
0.9548345900552331
0.9352506439560162
0.9021089279809025
0.8550261702375807
0.7940466770702307
0.7196419095711812
0.6326952029883135
0.53447258837877
0.42658113214721516
0.3109165821408124
0.18960239091360762
0.06492237526116151
-0.06075063123760172
-0.18502776242196164
-0.30557643105092935
-0.42018978157508247
-0.5268512717374948
-0.623792582260738
-0.7095432928974323
-0.7829710206091212
-0.8433109850237903
-0.89018424336468
-0.9236041195641453
-0.9439706396357898
-0.9520530777558717
-0.9489610150671628
-0.9361046152739875
-0.9151451253289747
-0.8879369113847687
-0.8564626325954059
-0.8227634285860207
-0.7888662384161924
-0.7567105658600047
-0.7280771431932844
-0.7025740442329063
-0.6772390343743896
-0.6631960669126101
-0.6607405920010904
-0.6694821902688812
-0.6899971867951502
-0.7155187280783737
-0.7422290828821303
-0.7735403884322687
-0.8077390965099859
-0.8428708808594735
-0.8768142482590404
-0.9073621173085765
-0.9323082156494187
-0.9495348608174979
-0.9570985541618795
-0.953309843192125
-0.9368040988327366
-0.9066002048778928
-0.8621446530668537
-0.8033391559852772
-0.7305506016921792
-0.6446029433854925
-0.5467514059297426
-0.4386401588805627
-0.3222453141205729
-0.19980572017678525
-0.07374451502432021
