0.00116
0.00565
0.01187
0.01614
0.02261
0.02762
0.03250
0.03824
0.04333
0.04858
0.05322
0.05847
0.06409
0.06879
0.07489
0.07886
0.08438
0.08780
0.09302
0.09814
0.10202
0.10712
0.11020
0.11493
0.11862
0.12280
0.12677
0.12988
0.13538
0.13718
0.14127
0.14325
0.14731
0.14990
0.15256
0.15613
0.15771
0.16049
0.16324
0.16492
0.16699
0.16934
0.17230
0.17297
0.17502
0.17615
0.17776
0.18030
0.18069
0.18298
0.18375
0.18542
0.18594
0.18747
0.18808
0.18872
0.19019
0.19043
0.19205
0.19196
0.19287
0.19354
0.19427
0.19525
0.19479
0.19666
0.19653
0.19757
0.19797
0.19839
0.19922
0.19937
0.20111
0.20111
0.20197
0.20270
0.20215
0.20416
0.20334
0.20612
0.20499
0.20688
0.20813
0.20819
0.21057
0.20987
0.21277
0.21185
0.21457
0.21603
0.21646
0.21893
0.21979
0.22244
0.22244
0.22485
0.22714
0.22870
0.23111
0.23215
0.23590
0.23691
0.23935
0.24289
0.24457
0.24820
0.25009
0.25330
0.25610
0.25922
0.26242
0.26483
0.26965
0.27237
0.27634
0.28003
0.28378
0.28732
0.29013
0.29758
0.29910
0.30484
0.30960
0.31308
0.31985
0.32346
0.32980
0.33423
0.34006
0.34503
0.35263
0.35760
0.36514
0.37036
0.37744
0.38370
0.39136
0.39761
0.40582
0.41302
0.42044
0.42792
0.43643
0.44385
0.45322
0.46063
0.47049
0.47977
0.48871
0.49704
0.50720
0.51703
0.52689
0.53662
0.54785
0.55698
0.56827
0.57809
0.58911
0.59961
0.61050
0.62106
0.63202
0.64264
0.65308
0.66391
0.67419
0.68506
0.69437
0.70520
0.71500
0.72418
0.73334
0.74265
0.75125
0.75977
0.76794
0.77551
0.78311
0.78998
0.79645
0.80280
0.80905
0.81329
0.81842
0.82376
0.82767
0.83017
0.83188
0.83188
0.83051
0.82788
0.82278
0.81445
0.80273
0.78812
0.76740
0.74127
0.70917
0.66962
0.62161
0.56622
0.50208
0.43042
0.35013
0.26453
0.17126
0.07446
-0.02625
-0.12732
-0.22882
-0.32840
-0.42258
-0.51126
-0.59195
-0.66632
-0.73053
-0.78503
-0.83029
-0.86469
-0.88882
-0.90497
-0.91296
-0.91113
-0.90399
-0.88998
-0.87155
-0.84875
-0.82272
-0.79718
-0.76834
-0.73920
-0.71103
-0.68243
-0.65659
-0.63193
-0.60889
-0.58722
-0.56885
-0.55203
-0.53546
-0.52292
-0.50970
-0.50122
-0.49249
-0.48572
-0.47964
-0.47409
-0.47113
-0.46674
-0.46500
-0.46335
-0.46155
-0.46060
-0.45840
-0.45874
-0.45654
-0.45648
-0.45303
-0.45221
-0.45010
-0.44669
-0.44519
-0.44168
-0.43884
-0.43658
-0.43207
-0.42856
-0.42410
-0.42075
-0.41571
-0.41217
-0.40659
-0.40219
-0.39801
-0.39212
-0.38922
-0.38364
-0.37897
-0.37411
-0.36874
-0.36502
-0.35983
-0.35617
-0.35065
-0.34781
-0.34314
-0.33923
-0.33609
-0.33054
-0.32724
-0.32370
-0.32086
-0.31619
-0.31232
-0.30942
-0.30563
-0.30234
-0.29871
-0.29620
-0.29227
-0.28922
-0.28754
-0.28235
-0.28012
-0.27670
-0.27435
-0.27148
-0.26743
-0.26538
-0.26196
-0.25891
-0.25534
-0.25244
-0.24802
-0.24603
-0.24197
-0.23840
-0.23489
-0.23019
-0.22733
-0.22217
-0.21875
-0.21494
-0.20901
-0.20535
-0.19958
-0.19641
-0.19104
-0.18539
-0.18103
-0.17538
-0.17059
-0.16458
-0.15906
-0.15277
-0.14731
-0.14178
-0.13440
-0.12970
-0.12189
-0.11575
-0.10904
-0.10242
-0.09717
-0.08884
-0.08337
-0.07556
-0.06897
-0.06146
-0.05432
-0.04749
-0.04022
-0.03293
-0.02557
-0.01797
-0.01187
-0.00381
0.00214
0.00980
0.01599
0.02402
0.03030
0.03772
0.04428
0.05106
0.05865
0.06448
0.07166
0.07816
0.08447
0.09259
0.09863
0.10501
0.11218
0.11893
0.12534
0.13196
0.13812
0.14438
0.15079
0.15793
0.16470
0.17120
0.17664
0.18365
0.19016
0.19684
0.20239
0.20911
0.21643
0.22214
0.22922
0.23560
0.24249
0.24860
0.25549
0.26202
0.26984
0.27567
0.28284
0.28943
0.29642
0.30368
0.31079
0.31903
0.32578
0.33429
0.34137
0.34940
0.35721
0.36511
0.37317
0.38193
0.38950
0.39838
0.40619
0.41550
0.42484
0.43301
0.44180
0.45065
0.45938
0.46805
0.47726
0.48740
0.49414
0.50568
0.51572
0.52362
0.53397
0.54135
0.55212
0.56091
0.57123
0.58051
0.59109
0.60007
0.61035
0.61826
0.62881
0.63565
0.64389
0.64984
0.65524
0.66000
0.66147
0.66220
0.65747
0.65070
0.63922
0.62265
0.60120
0.57108
0.53583
0.49091
0.44073
0.38104
0.31369
0.24045
0.15842
0.07104
-0.02057
-0.11551
-0.21320
-0.31119
-0.40637
-0.50101
-0.58694
-0.66833
-0.74210
-0.80655
-0.86340
-0.90942
-0.94733
-0.97287
-0.99152
-0.99997
-0.99994
-0.99402
-0.98026
-0.96225
-0.93988
-0.91580
-0.88879
-0.86142
-0.83319
-0.80521
-0.77887
-0.75208
-0.72794
-0.70532
-0.68314
-0.66400
-0.64578
-0.62970
-0.61392
-0.59952
-0.58707
-0.57455
-0.56458
-0.55423
-0.54562
-0.53622
-0.52786
-0.52084
-0.51297
-0.50699
-0.49954
-0.49298
-0.48621
-0.47946
-0.47232
-0.46500
-0.45813
-0.45062
-0.44327
-0.43503
-0.42758
-0.41959
-0.41150
-0.40347
-0.39523
-0.38742
-0.37866
-0.37012
-0.36261
-0.35400
-0.34705
-0.33817
-0.33118
-0.32275
-0.31619
-0.30890
-0.30133
-0.29486
-0.28723
-0.28018
-0.27328
-0.26758
-0.26065
-0.25467
-0.24893
-0.24329
-0.23764
-0.23172
-0.22702
-0.22174
-0.21674
-0.21173
-0.20779
-0.20230
-0.19775
-0.19339
-0.18976
-0.18588
-0.18082
-0.17679
-0.17297
-0.17038
-0.16632
-0.16199
-0.15829
-0.15402
-0.15115
-0.14694
-0.14398
-0.14023
-0.13696
-0.13324
-0.12958
-0.12543
-0.12354
-0.11792
-0.11539
-0.11163
-0.10812
-0.10397
-0.09998
-0.09607
-0.09250
-0.08865
-0.08377
-0.07999
-0.07526
-0.07117
-0.06723
-0.06177
-0.05774
-0.05328
-0.04877
-0.04401
-0.03885
-0.03360
-0.02878
-0.02423
-0.01816
-0.01361
-0.00827
-0.00275
