0.00808
0.00662
0.00516
0.00325
0.00370
0.00303
0.00292
0.00404
0.00415
0.00460
0.00617
0.00662
0.00897
0.01256
0.01234
0.01436
0.01571
0.01548
0.01784
0.02075
0.02165
0.02053
0.01840
0.01739
0.01739
0.01357
0.01223
0.01077
0.00785
0.00527
0.00516
0.00393
0.00224
0.00359
0.00662
0.00841
0.01155
0.01369
0.01728
0.02255
0.02726
0.03175
0.03601
0.04061
0.04252
0.04442
0.04521
0.04375
0.04364
0.04353
0.04330
0.03837
0.03579
0.03466
0.03242
0.03164
0.03085
0.03063
0.02737
0.02793
0.02793
0.02872
0.02816
0.02906
0.02906
0.02962
0.02883
0.02883
0.02591
0.02277
0.01907
0.01481
0.00785
0.00011
-0.00897
-0.01997
-0.03265
-0.04700
-0.06305
-0.08032
-0.09962
-0.11824
-0.13922
-0.15930
-0.17927
-0.19834
-0.21674
-0.23603
-0.25645
-0.27496
-0.29459
-0.31265
-0.32982
-0.34777
-0.36403
-0.38008
-0.39634
-0.41115
-0.42798
-0.44267
-0.45602
-0.46803
-0.47812
-0.48755
-0.49821
-0.50785
-0.51515
-0.51896
-0.52199
-0.52289
-0.52356
-0.51941
-0.51436
-0.50729
-0.49877
-0.48856
-0.47745
-0.46332
-0.44615
-0.42697
-0.40599
-0.38288
-0.35865
-0.33016
-0.30121
-0.27238
-0.24187
-0.21169
-0.17680
-0.14202
-0.10691
-0.07382
-0.03859
-0.00191
0.03220
0.06271
0.09311
0.12295
0.15089
0.17927
0.20507
0.22986
0.25118
0.27373
0.29291
0.31019
0.32802
0.34496
0.36112
0.37323
0.38658
0.39769
0.40992
0.41979
0.42820
0.43707
0.44638
0.45558
0.46388
0.47341
0.48127
0.49125
0.49989
0.50707
0.51458
0.52232
0.52838
0.53736
0.54409
0.55003
0.55620
0.56136
0.56776
0.57068
0.57258
0.57572
0.57438
0.57247
0.57079
0.56641
0.56215
0.55261
0.54386
0.53051
0.51829
0.50258
0.48362
0.46556
0.44526
0.42304
0.40061
0.37761
0.35304
0.32881
0.30233
0.27429
0.24714
0.21909
0.19262
0.16457
0.13810
0.10960
0.08122
0.05362
0.02827
0.00135
-0.02670
-0.05160
-0.07864
-0.10343
-0.12722
-0.14662
-0.16850
-0.18634
-0.20451
-0.22268
-0.23716
-0.25241
-0.26587
-0.27878
-0.28865
-0.29392
-0.29863
-0.30110
-0.30491
-0.30615
-0.29942
-0.29302
-0.28966
-0.28270
-0.27496
-0.26913
-0.26172
-0.25376
-0.24198
-0.22549
-0.21304
-0.20238
-0.19340
-0.18342
-0.16839
-0.15560
-0.14258
-0.12968
-0.11600
-0.10007
-0.08728
-0.07595
-0.06765
-0.05654
-0.04779
-0.03680
-0.02580
-0.01772
-0.01178
-0.00314
0.00707
0.01223
0.01335
0.01649
0.02165
0.02165
0.02210
0.02636
0.03007
0.03444
0.03444
0.03579
0.03601
0.03354
0.02894
0.02479
0.02221
0.02109
0.02008
0.01885
0.01885
0.01885
0.01660
0.01447
0.01279
0.01301
0.01111
0.00740
0.00628
0.00740
0.00864
0.00707
0.00651
0.00617
0.00561
0.00224
0.00247
0.00280
0.00258
0.00022
-0.00269
-0.00314
-0.00034
-0.00101
-0.00292
-0.00651
-0.00841
-0.00830
-0.00639
-0.00359
-0.00438
-0.00314
-0.00191
-0.00022
0.00224
0.00404
0.00550
0.00662
0.00886
0.01055
0.01313
0.01369
0.01660
0.01660
0.01784
0.01963
0.02289
0.02760
0.02827
0.02827
0.03265
0.03691
0.04072
0.04398
0.04745
0.04801
0.05082
0.05632
0.06170
0.06473
0.06608
0.07079
0.07382
0.07696
0.08133
0.08436
0.08851
0.09109
0.09379
0.09760
0.10141
0.10399
0.10568
0.10871
0.10904
0.10893
0.10915
0.10893
0.10915
0.11106
0.10994
0.10680
0.10613
0.10500
0.10209
0.09951
0.09693
0.09435
0.08963
0.08851
0.08470
0.08257
0.08145
0.08122
0.07774
0.07258
0.07236
0.06821
0.06451
0.06215
0.05744
0.05015
0.04779
0.04442
0.04050
0.03635
0.03074
0.02479
0.01840
0.01268
0.00864
0.00494
0.00179
-0.00438
-0.00561
-0.00740
-0.01167
-0.01649
-0.02087
-0.02535
-0.02906
-0.03253
-0.03668
-0.03971
-0.04409
-0.04723
-0.05082
-0.05295
-0.05542
-0.05665
-0.05867
-0.05789
-0.05676
-0.05755
-0.05834
-0.05957
-0.06114
-0.06170
-0.06047
-0.06136
-0.06114
-0.06350
-0.06361
-0.06361
-0.06338
-0.06327
-0.06406
-0.06372
-0.06293
-0.06372
-0.06159
-0.05934
-0.05845
-0.05901
-0.05710
-0.05688
-0.05733
-0.05654
-0.05733
-0.05710
-0.05531
-0.05564
-0.05564
-0.05385
-0.05374
-0.05149
-0.05015
-0.04813
-0.04588
-0.04353
-0.04308
-0.03949
-0.03781
-0.03444
-0.03309
-0.03388
-0.03365
-0.03388
-0.03287
-0.03265
-0.03455
-0.03422
-0.03567
-0.03736
-0.03781
-0.03837
-0.03803
-0.03926
-0.04027
-0.04241
-0.04241
-0.04353
-0.04319
-0.04364
-0.04465
-0.04375
-0.04499
-0.04633
-0.04656
-0.04835
-0.04947
-0.05003
-0.04914
-0.04981
-0.04656
-0.04364
-0.04140
-0.04072
-0.04016
-0.03724
-0.03624
-0.03534
-0.03612
-0.03579
-0.03567
-0.03534
-0.03511
-0.03500
-0.03466
-0.03433
-0.03612
-0.03523
-0.03298
-0.03253
-0.03377
-0.03164
-0.02894
-0.02681
-0.02547
-0.02390
-0.02199
-0.02042
-0.01772
-0.01638
-0.01672
-0.01514
-0.01212
-0.01099
-0.00965
-0.00707
-0.00236
-0.00022
0.00101
0.00224
0.00606
0.00729
0.01077
0.00976
0.01010
0.00886
0.01077
0.00987
0.00931
0.00864
0.01155
0.01144
0.01032
0.00785
0.00841
0.00987
0.00886
0.00942
0.00965
0.00931
0.00897
0.00897
0.00740
0.00740
0.00595
0.00359
0.00393
0.00415
0.00426
0.00426
0.00269
0.00359
0.00438
0.00494
0.00606
0.00494
0.00561
0.00494
0.00516
0.00415
0.00538
0.00404
0.00393
0.00449
0.00292
0.00022
-0.00067
-0.00213
-0.00359
-0.00651
-0.00830
-0.00909
-0.01155
-0.01167
-0.01245
-0.01492
-0.01582
-0.01391
-0.01391
-0.01245
-0.01088
-0.00965
-0.00819
-0.00606
-0.00359
-0.00292
-0.00157
0.00067
0.00314
0.00224
0.00471
0.00785
0.00976
0.00987
0.00841
0.00752
0.00954
0.01043
0.00897
0.00998
0.00987
0.01010
0.00987
0.01223
0.01324
0.01447
0.01638
0.01739
0.01918
0.02131
0.02322
0.02390
0.02793
0.03063
0.03141
0.03164
0.03365
0.03478
0.03601
0.03680
0.03668
0.03556
0.03724
0.03702
0.03758
0.03680
0.03680
0.03691
0.03803
0.03747
0.03624
0.03579
0.03489
0.03478
0.03422
0.03242
0.03500
0.03635
0.03713
0.03915
0.04083
0.04229
0.04644
0.04891
0.05048
0.05463
0.05710
0.06002
0.06136
0.06125
0.06271
0.06518
0.06316
0.06181
0.05766
0.05452
0.04902
0.04184
0.03579
0.02816
0.02019
0.01234
0.00258
-0.00684
-0.01750
-0.02737
-0.03870
-0.05172
-0.06652
-0.07954
-0.09513
-0.11263
-0.13024
-0.14943
-0.16839
-0.18802
-0.20821
-0.22717
-0.24602
-0.26531
-0.28360
-0.30435
-0.32264
-0.34070
-0.35697
-0.37469
-0.39141
-0.40767
-0.42450
-0.44054
-0.45591
-0.47027
-0.48407
-0.49574
-0.50785
-0.51907
-0.52681
-0.53433
-0.53859
-0.54072
-0.54196
-0.54162
-0.53612
-0.52995
-0.52143
-0.50987
-0.49809
-0.48272
-0.46713
-0.44817
-0.42989
-0.40913
-0.38703
-0.36437
-0.34003
-0.31467
-0.28943
-0.26374
-0.23727
-0.20731
-0.18162
-0.15324
-0.12553
-0.09917
-0.07258
-0.04644
-0.01963
0.00550
0.03141
0.05766
0.08044
0.10276
0.12419
0.14573
0.16682
0.18454
0.20092
0.21775
0.23581
0.25342
0.27103
0.28921
0.30705
0.32320
0.34003
0.35506
0.36964
0.38524
0.40016
0.41519
0.43045
0.44548
0.45995
0.47274
0.48497
0.49854
0.51133
0.52468
0.53837
0.54914
0.55744
0.56686
0.57550
0.58257
0.58863
0.59289
0.59827
0.60310
0.60411
0.60097
0.59738
0.59177
0.58571
0.57741
0.56585
0.55138
0.53399
0.51660
0.49821
0.47936
0.45950
0.43819
0.41508
0.38972
0.35988
0.33150
0.30065
0.26958
0.24164
0.21449
0.18768
0.16076
0.13440
0.10792
0.08346
0.05721
0.02950
0.00460
-0.01963
-0.04532
-0.06776
-0.09098
-0.11476
-0.13686
-0.15896
-0.18017
-0.20193
-0.21965
-0.23480
-0.24815
-0.25858
-0.26655
-0.27204
-0.27765
-0.28136
-0.28483
-0.28820
-0.29055
-0.29078
-0.28898
-0.28640
-0.28012
-0.27171
-0.26352
-0.25443
-0.24456
-0.23491
-0.22605
-0.21595
-0.20743
-0.20013
-0.19195
-0.18398
-0.17489
-0.16637
-0.15874
-0.15010
-0.14113
-0.13081
-0.12116
-0.10994
-0.09984
-0.09053
-0.07999
-0.06967
-0.06125
-0.05295
-0.04431
-0.03455
-0.02771
-0.02221
-0.01649
-0.01144
-0.00572
-0.00146
0.00090
0.00280
0.00348
0.00752
0.01099
0.01032
0.01066
0.01032
0.01055
0.01313
0.01604
0.01582
0.01716
0.01672
0.01728
0.01829
0.01784
0.01784
0.01604
0.01526
0.01492
0.01402
0.01155
0.00853
0.00897
0.00662
0.00897
0.00550
0.00370
0.00393
0.00471
0.00123
0.00034
0.00146
0.00146
0.00168
0.00191
0.00325
0.00538
0.00381
0.00505
0.00628
0.00841
0.00830
0.00954
0.01066
0.01010
0.01167
0.01155
0.01122
0.00998
0.01066
0.00819
0.00853
0.00875
0.00752
0.00808
0.00987
0.00909
0.00965
0.01055
0.01077
0.01021
0.00954
0.00931
0.01155
0.01200
0.01223
0.01290
0.01380
0.01290
0.01369
0.01425
0.01458
0.01335
0.01324
0.01414
0.01447
0.01425
0.01492
0.01425
0.01313
0.01414
0.01369
0.01380
0.01234
0.01223
0.01245
0.01212
0.00808
0.00774
0.00651
0.00785
0.00684
0.00438
0.00595
0.00527
0.00381
0.00337
0.00146
0.00034
-0.00112
-0.00236
-0.00516
-0.00606
-0.00617
-0.00740
-0.00841
-0.01099
-0.01245
-0.01313
-0.01458
-0.01705
-0.01952
-0.02042
-0.01941
-0.01997
-0.02042
-0.02042
-0.01963
-0.01896
-0.02031
-0.01851
-0.01716
-0.01593
-0.01694
-0.01649
-0.01593
-0.01503
-0.01335
-0.01436
-0.01357
-0.01414
-0.01470
-0.01234
-0.01234
-0.01212
-0.01256
-0.01245
-0.01021
-0.00853
-0.00875
-0.00707
-0.00684
-0.00538
-0.00337
-0.00359
-0.00079
-0.00045
0.00011
-0.00022
-0.00011
0.00135
0.00381
0.00516
0.00415
0.00561
0.00684
0.00774
0.00998
0.01122
0.01335
0.01301
0.01470
0.01593
0.01784
0.02042
0.02289
0.02423
0.02490
0.02547
0.02681
0.02760
0.02838
0.02861
0.02950
0.03119
0.03175
0.03377
0.03422
0.03758
0.03949
0.04117
0.04184
0.04274
0.04398
0.04454
0.04521
0.04476
0.04588
0.04341
0.04476
0.04555
0.04689
0.04543
0.04487
0.04341
0.04252
0.04218
0.04117
0.03837
0.03736
0.03646
0.03511
0.03208
0.03085
0.02950
0.02805
0.02535
0.02210
0.02064
0.02019
0.01840
0.01672
0.01604
0.01402
0.01155
0.01077
0.00841
0.00572
0.00314
-0.00022
-0.00112
-0.00426
-0.00583
-0.00864
-0.01245
-0.01526
-0.01627
-0.01705
-0.01885
-0.02031
-0.02064
-0.02143
-0.02311
-0.02345
-0.02266
-0.02221
-0.02255
-0.02434
-0.02345
-0.02345
-0.02457
-0.02289
-0.02457
-0.02412
-0.02479
-0.02423
-0.02558
-0.02614
-0.02670
-0.02726
-0.02737
-0.02502
-0.02591
-0.02805
-0.02760
-0.02715
-0.02748
-0.02793
-0.03029
-0.03130
-0.03321
-0.03242
-0.03208
-0.03107
-0.02883
-0.02849
-0.02591
-0.02490
-0.02322
-0.02109
-0.01851
-0.01638
-0.01660
-0.01346
-0.01122
-0.01077
-0.01021
-0.00830
-0.00875
-0.00942
-0.00920
-0.00841
-0.00987
-0.00942
-0.01010
-0.01133
-0.01122
-0.01021
-0.00763
-0.00662
-0.00404
-0.00426
-0.00269
-0.00056
-0.00056
0.00022
0.00112
0.00213
0.00236
0.00213
0.00213
0.00471
0.00359
0.00370
0.00191
0.00224
0.00157
0.00022
-0.00236
-0.00381
-0.00381
-0.00550
-0.00505
-0.00617
-0.00707
-0.00841
-0.00886
-0.00897
-0.01099
-0.00830
-0.00976
-0.00954
-0.00785
-0.00651
-0.00572
-0.00393
-0.00258
-0.00292
-0.00314
-0.00067
-0.00202
-0.00056
-0.00045
0.00112
-0.00034
0.00090
0.00112
0.00135
0.00101
0.00022
-0.00135
-0.00236
-0.00292
-0.00460
-0.00314
-0.00247
-0.00314
-0.00168
-0.00146
-0.00292
-0.00067
0.00090
0.00280
0.00471
0.00471
0.00538
0.00662
0.00550
0.00595
0.00583
0.00404
0.00404
0.00314
0.00370
0.00348
0.00337
0.00460
0.00460
0.00875
0.01346
0.01716
0.02019
0.02580
0.03164
0.03769
0.04207
0.04588
0.05104
0.05508
0.06035
0.06282
0.06574
0.06798
0.06955
0.07135
0.07326
0.07269
0.07157
0.07068
0.07034
0.06675
0.06181
0.05576
0.04768
0.04173
0.03478
0.02603
0.01571
0.00572
-0.00426
-0.01425
-0.02614
-0.04061
-0.05587
-0.07045
-0.08515
-0.10186
-0.12138
-0.14068
-0.15874
-0.17803
-0.19744
-0.21775
-0.23940
-0.25993
-0.28349
-0.30368
-0.32219
-0.34283
-0.36157
-0.37985
-0.39612
-0.41396
-0.42820
-0.44413
-0.45771
-0.47274
-0.48351
-0.49338
-0.50303
-0.50875
-0.51402
-0.51559
-0.51705
-0.51728
-0.51593
-0.51301
-0.50774
-0.50269
-0.49495
-0.48497
-0.47442
-0.46298
-0.44896
-0.43628
-0.42091
-0.40476
-0.38838
-0.37178
-0.35315
-0.33341
-0.31209
-0.29011
-0.26823
-0.24523
-0.22324
-0.19957
-0.17613
-0.15481
-0.13597
-0.11387
-0.08919
-0.06776
-0.04858
-0.03040
-0.00830
0.01178
0.03175
0.04914
0.06753
0.08672
0.10624
0.12385
0.14281
0.16289
0.18308
0.20339
0.22235
0.24411
0.26711
0.28764
0.31075
0.33285
0.35674
0.37918
0.39836
0.42102
0.44245
0.46287
0.48160
0.49955
0.51604
0.53029
0.54555
0.55643
0.56720
0.57864
0.58818
0.59648
0.60332
0.60938
0.61151
0.61342
0.61532
0.61678
0.61443
0.61028
0.60512
0.59917
0.58885
0.57786
0.56282
0.54813
0.53085
0.51212
0.49248
0.47038
0.44705
0.42226
0.39500
0.36774
0.34115
0.31411
0.28551
0.25611
0.22650
0.19834
0.16962
0.14169
0.11555
0.08784
0.06058
0.03332
0.00639
-0.01672
-0.03882
-0.05968
-0.08055
-0.10096
-0.11802
-0.13339
-0.15100
-0.16727
-0.17994
-0.19217
-0.20350
-0.21292
-0.22358
-0.22863
-0.23244
-0.23760
-0.24153
-0.24310
-0.24310
-0.24400
-0.24355
-0.24220
-0.23996
-0.23704
-0.23379
-0.22986
-0.22493
-0.22089
-0.21719
-0.21057
-0.20552
-0.19632
-0.18813
-0.17927
-0.17153
-0.16468
-0.15683
-0.14763
-0.13843
-0.13125
-0.12553
-0.11858
-0.10882
-0.10119
-0.09412
-0.08963
-0.08369
-0.07797
-0.07169
-0.06462
-0.05946
-0.05598
-0.05239
-0.04869
-0.04442
-0.04274
-0.03893
-0.03691
-0.03579
-0.03399
-0.03231
-0.03175
-0.03141
-0.02928
-0.02928
-0.02872
-0.02737
-0.02547
-0.02333
-0.02131
-0.01952
-0.01829
-0.01615
-0.01503
-0.01627
-0.01705
-0.01548
-0.01447
-0.01503
-0.01503
-0.01492
-0.01301
-0.01245
-0.01223
-0.01256
-0.01021
-0.00897
-0.00639
-0.00482
-0.00381
-0.00224
-0.00090
0.00011
0.00000
0.00292
0.00460
0.00684
0.00797
0.00998
0.01043
0.01234
0.01212
0.01436
0.01514
0.01941
0.02008
0.02120
0.02367
0.02300
0.02266
0.02221
0.02412
0.02513
0.02591
0.02816
0.02827
0.02872
0.03029
0.03029
0.03007
0.03107
0.02917
0.02872
0.02928
0.02861
0.03130
0.03208
0.03242
0.03455
0.03321
0.03365
0.03298
0.03231
0.03164
0.03152
0.03119
0.03119
0.03130
0.03130
0.03007
0.02928
0.02872
0.02906
0.02737
0.02681
0.02715
0.02692
0.02726
0.02603
0.02569
0.02468
0.02412
0.02401
0.02412
0.02446
0.02199
0.01930
0.01750
0.01716
0.01369
0.00909
0.00595
0.00404
0.00337
0.00146
-0.00202
-0.00303
-0.00359
-0.00359
-0.00359
-0.00561
-0.00785
-0.00897
-0.00875
-0.00897
-0.00920
-0.01212
-0.01245
-0.01234
-0.01223
-0.01458
-0.01514
-0.01649
-0.01470
-0.01571
-0.01481
-0.01526
-0.01660
-0.01559
-0.01604
-0.01604
-0.01817
-0.01851
-0.01817
-0.01705
-0.02019
-0.02210
-0.02367
-0.02322
-0.02356
-0.02603
-0.02894
-0.02939
-0.02524
-0.02659
-0.02760
-0.02793
-0.02434
-0.02232
-0.02311
-0.02446
-0.02457
-0.02479
-0.02412
-0.02356
-0.02457
-0.02591
-0.02401
-0.02165
-0.02188
-0.02075
-0.02019
-0.02154
-0.02109
-0.02064
-0.02019
-0.01862
-0.01817
-0.01705
-0.01458
-0.01313
-0.01167
-0.00954
-0.00797
-0.00853
-0.00314
-0.00269
-0.00213
-0.00179
-0.00157
-0.00011
0.00224
0.00449
0.00651
0.00684
0.00729
0.01010
0.01279
0.01369
0.01481
0.01559
0.01829
0.01840
0.01997
0.02109
0.01941
0.02064
0.01974
0.01907
0.01963
0.02019
0.01918
0.02098
0.02143
0.02154
0.02300
0.02513
0.02401
0.02692
0.02771
0.02883
0.03007
0.03096
0.03242
0.03298
0.03377
0.03208
0.03197
0.03220
0.03399
0.03354
0.03422
0.03601
0.03702
0.03960
0.04173
0.04184
0.04285
0.04274
0.04487
0.04566
0.04779
0.04689
0.04465
0.04656
0.04555
0.04364
0.04297
0.04207
0.04184
0.04252
0.04061
0.03848
0.03870
0.03769
0.03915
0.03915
0.03893
0.03792
0.03870
0.03724
0.03646
0.03455
0.03444
0.03410
0.03321
0.03130
0.03018
0.02906
0.02849
0.02648
0.02547
0.02446
0.02367
0.02300
0.02042
0.01974
0.01851
0.01683
0.01649
0.01750
0.01593
0.01615
0.01514
0.01492
0.01492
0.01458
0.01324
0.01369
0.01133
0.00954
0.00909
0.00707
0.00550
0.00471
0.00348
0.00292
0.00258
0.00101
-0.00157
-0.00314
-0.00538
-0.00954
-0.01099
-0.01324
-0.01481
-0.01728
-0.01896
-0.01986
-0.01997
-0.02031
-0.02266
-0.02547
-0.02490
-0.02648
-0.02771
-0.02748
-0.02939
-0.02726
-0.02973
-0.03119
-0.03175
-0.03107
-0.03141
-0.03197
-0.03175
-0.03107
-0.03029
-0.02950
-0.02816
-0.02670
-0.02692
-0.02378
-0.02345
-0.02098
-0.01896
-0.01739
-0.01470
-0.01380
-0.01268
-0.01290
-0.01099
-0.00875
-0.00808
-0.00516
-0.00370
-0.00202
-0.00056
0.00224
0.00471
0.00527
0.00718
0.00763
0.00853
0.00909
0.00987
0.00897
0.00998
0.01099
0.01212
0.01279
0.01582
0.01593
0.01716
0.01986
0.02322
0.02715
0.02995
0.03242
0.03612
0.04027
0.04330
0.04768
0.05082
0.05441
0.05878
0.06249
0.06686
0.07326
0.07741
0.08201
0.08582
0.09177
0.09592
0.10197
0.10590
0.11140
0.11656
0.12138
0.12441
0.12632
0.12766
0.12699
0.12632
0.12464
0.12273
0.11869
0.11387
0.10725
0.10052
0.09300
0.08436
0.07415
0.06136
0.05093
0.03814
0.02535
0.00976
-0.00639
-0.02165
-0.03848
-0.05576
-0.07460
-0.09244
-0.10938
-0.12811
-0.14685
-0.16670
-0.18679
-0.20709
-0.22784
-0.24837
-0.26879
-0.28865
-0.30873
-0.32645
-0.34395
-0.36258
-0.37828
-0.39623
-0.41048
-0.42372
-0.43516
-0.44716
-0.45726
-0.46668
-0.47319
-0.47712
-0.48171
-0.48351
-0.48463
-0.48373
-0.48272
-0.48026
-0.47644
-0.47218
-0.46657
-0.45905
-0.45165
-0.44178
-0.43157
-0.42091
-0.40891
-0.39690
-0.38131
-0.36785
-0.35495
-0.34171
-0.32533
-0.30705
-0.29123
-0.27620
-0.26071
-0.24333
-0.22482
-0.20530
-0.18869
-0.17119
-0.15504
-0.13451
-0.11577
-0.09659
-0.07842
-0.05923
-0.03983
-0.01829
0.00325
0.02390
0.04375
0.06439
0.08649
0.10927
0.13215
0.15493
0.17759
0.19890
0.22470
0.24849
0.27350
0.29740
0.32185
0.34732
0.37267
0.39724
0.42114
0.44537
0.46713
0.48732
0.50931
0.53197
0.55497
0.57303
0.58907
0.60657
0.61981
0.62710
0.63395
0.64158
0.64797
0.65201
0.65313
0.65111
0.64359
0.63518
0.62834
0.62239
0.61510
0.60803
0.59311
0.57595
0.55677
0.53354
0.50808
0.48037
0.45502
0.43235
0.40756
0.38389
0.36101
0.34171
0.32264
0.30144
0.28337
0.25982
0.23659
0.21472
0.19262
0.17198
0.14786
0.12374
0.09603
0.06843
0.04128
0.01481
-0.00864
-0.03220
-0.05306
-0.07258
-0.09109
-0.10826
-0.12665
-0.14416
-0.16166
-0.17669
-0.18880
-0.19890
-0.20675
-0.21247
-0.21629
-0.21584
-0.21573
-0.21651
-0.21348
-0.21191
-0.20989
-0.20866
-0.20821
-0.20709
-0.20653
-0.20687
-0.20698
-0.20642
-0.20563
-0.20664
-0.20451
-0.19980
-0.19576
-0.19094
-0.18432
-0.17803
-0.16861
-0.16110
-0.15167
-0.14460
-0.13260
-0.12385
-0.11589
-0.10556
-0.09681
-0.08952
-0.08167
-0.07415
-0.06709
-0.06013
-0.05273
-0.04891
-0.04308
-0.03758
-0.03354
-0.02928
-0.02558
-0.02434
-0.01986
-0.01705
-0.01548
-0.01346
-0.01268
-0.01122
-0.00965
-0.00909
-0.00909
-0.00886
-0.00707
-0.00550
-0.00538
-0.00426
-0.00303
-0.00348
-0.00112
-0.00056
-0.00067
0.00157
0.00034
0.00000
-0.00011
-0.00112
0.00112
-0.00056
0.00101
0.00079
0.00236
0.00191
0.00381
0.00527
0.00538
0.00684
0.00696
0.00774
0.00841
0.00976
0.01043
0.01155
0.01010
0.01043
0.01066
0.01133
0.01245
0.01189
0.01043
0.01066
0.01279
0.01290
0.01369
0.01335
0.01481
0.01649
0.01795
0.01829
0.01974
0.02255
0.02322
0.02333
0.02199
0.02289
0.02401
0.02468
0.02446
0.02412
0.02535
0.02659
0.02726
0.02580
0.02625
0.02782
0.02805
0.02906
0.02748
0.02872
0.02872
0.02793
0.02838
0.02704
0.02468
0.02390
0.02434
0.02356
0.02244
0.02221
0.02019
0.01672
0.01559
0.01604
0.01391
0.01301
0.01256
0.01324
0.01369
0.01582
0.01750
0.01683
0.01739
0.01615
0.01369
0.01436
0.01447
0.01268
0.00909
0.00965
0.01313
0.01122
0.00774
0.00550
0.00617
0.00673
0.00763
0.00617
0.00538
0.00438
0.00314
0.00359
0.00280
0.00202
0.00325
0.00471
0.00404
0.00426
0.00303
-0.00056
-0.00224
-0.00112
-0.00067
-0.00247
-0.00426
-0.00538
-0.00639
-0.00572
-0.00595
-0.00920
-0.00942
-0.00942
-0.00920
-0.01010
-0.00998
-0.00841
-0.00841
-0.00864
-0.00909
-0.00897
-0.00808
-0.00819
-0.00998
-0.01066
-0.00920
-0.00909
-0.01268
-0.01425
-0.01290
-0.01200
-0.01144
-0.01290
-0.01425
-0.01335
-0.01324
-0.01189
-0.01178
-0.01279
-0.01369
-0.01245
-0.01357
-0.01357
-0.01425
-0.01369
-0.01301
-0.01122
-0.00920
-0.00673
-0.00404
-0.00370
-0.00292
-0.00381
-0.00303
-0.00191
0.00000
-0.00112
0.00000
0.00258
0.00168
0.00191
0.00359
0.00404
0.00359
0.00583
0.00763
0.00976
0.00830
0.01055
0.01167
0.01357
0.01380
0.01470
0.01571
0.01537
0.01649
0.01660
0.01761
0.01829
0.01907
0.01986
0.02244
0.02378
0.02535
0.02547
0.02748
0.02838
0.02995
0.03007
0.03164
0.03242
0.03399
0.03601
0.03691
0.03893
0.04039
0.04106
0.04319
0.04487
0.04555
0.04543
0.04667
0.04734
0.04543
0.04499
0.04532
0.04431
0.04375
0.04330
0.04386
0.04274
0.04285
0.04476
0.04454
0.04454
0.04353
0.04409
0.04083
0.03960
0.03983
0.03814
0.03680
0.03590
0.03444
0.03231
0.03130
0.03265
0.02849
0.02838
0.02748
0.02793
0.02771
0.02468
0.02502
0.02289
0.02199
0.01952
0.01772
0.01728
0.01369
0.01391
0.01256
0.01189
0.01155
0.01167
0.01223
0.01234
0.01133
0.01189
0.00942
0.00897
0.00763
0.00550
0.00381
0.00146
-0.00079
-0.00292
-0.00561
-0.00606
-0.00819
-0.00684
-0.00976
-0.01055
-0.00909
-0.00875
-0.00920
-0.00942
-0.01032
-0.01088
-0.01144
-0.01256
-0.01391
-0.01402
-0.01672
-0.01627
-0.01918
-0.02075
-0.02199
-0.02143
-0.02210
-0.02210
-0.02266
-0.02087
-0.01829
-0.01761
-0.01559
-0.01301
-0.00965
-0.00740
-0.00449
-0.00146
0.00168
0.00393
0.00763
0.00942
0.01167
0.01256
0.01458
0.01391
0.01481
0.01335
0.01021
0.00774
0.00471
0.00280
0.00123
0.00135
-0.00034
0.00045
0.00292
0.00370
0.00505
0.00651
0.00976
0.01301
0.01514
0.02019
0.02401
0.02513
0.02861
0.03119
0.03455
0.03657
0.03724
0.03691
0.03680
0.03747
0.03848
0.03814
0.03758
0.03870
0.03781
0.03926
0.03904
0.04072
0.04095
0.04196
0.04420
0.04700
0.05239
0.05598
0.06069
0.06652
0.07370
0.08066
0.08627
0.09244
0.09693
0.10130
0.10556
0.11050
0.11162
0.11488
0.11869
0.12127
0.12250
0.12340
0.12149
0.12048
0.11622
0.11364
0.10882
0.10332
0.09681
0.08862
0.08145
0.07303
0.06226
0.05183
0.04128
0.02995
0.01918
0.00505
-0.00864
-0.02322
-0.03601
-0.05183
-0.06675
-0.08100
-0.10074
-0.12060
-0.13686
-0.15380
-0.17007
-0.18757
-0.20485
-0.22313
-0.23816
-0.25365
-0.27193
-0.28999
-0.30570
-0.31860
-0.33083
-0.34339
-0.35674
-0.36751
-0.37918
-0.38748
-0.39466
-0.40408
-0.41160
-0.41598
-0.42259
-0.42641
-0.43078
-0.43247
-0.43538
-0.43594
-0.43606
-0.43359
-0.42899
-0.42742
-0.42405
-0.41889
-0.41205
-0.40453
-0.39791
-0.38984
-0.37873
-0.36706
-0.35607
-0.34541
-0.33307
-0.32084
-0.30615
-0.29089
-0.27765
-0.26767
-0.25488
-0.24108
-0.22751
-0.21382
-0.20215
-0.18993
-0.17759
-0.16457
-0.14954
-0.13350
-0.11757
-0.09906
-0.07920
-0.05867
-0.03702
-0.01234
0.01223
0.04027
0.06810
0.09569
0.12553
0.15392
0.18297
0.21304
0.24142
0.27103
0.29919
0.32701
0.35629
0.37985
0.40375
0.42416
0.44649
0.46679
0.48441
0.49910
0.51503
0.53007
0.54386
0.55677
0.56821
0.58088
0.59210
0.60119
0.60669
0.61331
0.61622
0.61701
0.61667
0.61544
0.61566
0.61185
0.60175
0.59008
0.57673
0.56294
0.54768
0.53253
0.51627
0.49933
0.47869
0.45333
0.42708
0.39937
0.37357
0.34934
0.32443
0.30144
0.27878
0.25690
0.23592
0.21573
0.19542
0.17456
0.15369
0.13148
0.10848
0.08784
0.06686
0.04577
0.02479
0.00337
-0.01974
-0.04184
-0.06350
-0.08055
-0.09715
-0.11274
-0.12565
-0.13709
-0.15122
-0.16222
-0.17377
-0.18432
-0.19094
-0.19879
-0.20586
-0.20911
-0.20956
-0.20967
-0.21046
-0.21046
-0.20967
-0.20877
-0.20731
-0.20586
-0.20462
-0.20316
-0.20294
-0.20114
-0.19800
-0.19576
-0.19340
-0.19116
-0.18701
-0.18219
-0.17545
-0.16861
-0.16244
-0.15560
-0.14741
-0.13922
-0.12957
-0.12082
-0.11263
-0.10500
-0.09648
-0.08683
-0.07954
-0.07494
-0.06854
-0.06282
-0.05811
-0.05228
-0.04555
-0.04285
-0.03971
-0.03724
-0.03410
-0.03164
-0.02816
-0.02704
-0.02580
-0.02401
-0.02154
-0.02154
-0.01851
-0.01750
-0.01694
-0.01739
-0.01503
-0.01290
-0.01189
-0.01279
-0.01099
-0.00819
-0.00707
-0.00729
-0.00707
-0.00494
-0.00348
-0.00112
-0.00101
-0.00056
-0.00112
0.00101
0.00123
0.00045
0.00034
0.00034
0.00067
0.00123
0.00314
0.00426
0.00538
0.00684
0.00853
0.00998
0.01010
0.01155
0.01077
0.01122
0.00931
0.00909
0.00853
0.00718
0.00628
0.00505
0.00415
0.00572
0.00651
0.00740
0.00853
0.01212
0.01234
0.01447
0.01559
0.01683
0.01817
0.01918
0.01963
0.01997
0.01896
0.01918
0.01873
0.01862
0.01974
0.02075
0.02008
0.02075
0.02131
0.02210
0.02221
0.02232
0.01974
0.01918
0.01974
0.01952
0.01750
0.01716
0.01716
0.01795
0.02064
0.02199
0.01941
0.02109
0.02311
0.02176
0.02143
0.02087
0.02053
0.01873
0.01817
0.01728
0.01672
0.01503
0.01582
0.01425
0.01369
0.01380
0.01313
0.01301
0.01144
0.00886
0.00763
0.00628
0.00673
0.00471
0.00381
0.00460
0.00538
0.00527
0.00516
0.00550
0.00527
0.00538
0.00404
0.00280
0.00202
-0.00034
-0.00157
-0.00179
-0.00157
-0.00236
-0.00213
-0.00236
-0.00224
-0.00426
-0.00550
-0.00819
-0.00931
-0.00987
-0.01010
-0.01167
-0.01178
-0.01144
-0.01144
-0.01043
-0.01178
-0.01313
-0.01436
-0.01526
-0.01739
-0.02019
-0.01952
-0.02042
-0.02255
-0.02255
-0.02199
-0.02311
-0.02143
-0.02367
-0.02468
-0.02479
-0.02502
-0.02547
-0.02569
-0.02547
-0.02558
-0.02479
-0.02569
-0.02547
-0.02603
-0.02659
-0.02816
-0.02692
-0.02513
-0.02502
-0.02524
-0.02490
-0.02580
-0.02434
-0.02625
-0.02625
-0.02446
-0.02434
-0.02434
-0.02513
-0.02468
-0.02457
-0.02558
-0.02412
-0.02176
-0.02042
-0.02087
-0.01851
-0.01649
-0.01559
-0.01324
-0.01223
-0.01088
-0.00864
-0.00639
-0.00348
-0.00224
0.00011
0.00191
0.00415
0.00404
0.00538
0.00673
0.00729
0.00841
0.00954
0.01055
0.01178
0.01212
0.01391
0.01425
0.01526
0.01492
0.01548
0.01918
0.01952
0.02154
0.02210
0.02423
0.02636
0.02894
0.03051
0.03265
0.03354
0.03399
0.03534
0.03635
0.03545
0.03769
0.03702
0.03668
0.03478
0.03422
0.03287
0.03208
0.03107
0.03040
0.02883
0.02917
0.03085
0.03085
0.02939
0.02973
0.02782
0.02793
0.02479
0.02434
0.02322
0.02109
0.02053
0.01907
0.01761
0.01705
0.01705
0.01526
0.01458
0.01234
0.01122
0.00920
0.00897
0.00954
0.00886
0.00853
0.00920
0.00909
0.00864
0.00808
0.00954
0.00841
0.00673
0.00707
0.00684
0.00673
0.00494
0.00449
0.00236
-0.00112
-0.00471
-0.00617
-0.00965
-0.01290
-0.01660
-0.01930
-0.02064
-0.02266
-0.02390
-0.02580
-0.02692
-0.02569
-0.02793
-0.02838
-0.02894
-0.02704
-0.02580
-0.02614
-0.02333
-0.02289
-0.02188
-0.02053
-0.02154
-0.02042
-0.01873
-0.01873
-0.01739
-0.01918
-0.02019
-0.02109
-0.02188
-0.02221
-0.02199
-0.02356
-0.02591
-0.02502
-0.02793
-0.02524
-0.02367
-0.02289
-0.02120
-0.01817
-0.01559
-0.01155
-0.00976
-0.00662
-0.00449
-0.00393
-0.00157
-0.00202
-0.00303
-0.00280
-0.00292
-0.00639
-0.00785
-0.00942
-0.01111
-0.01357
-0.01526
-0.01627
-0.01728
-0.01784
-0.01930
-0.01907
-0.01851
-0.01862
-0.01840
-0.01873
-0.01761
-0.01683
-0.01335
-0.01200
-0.00853
-0.00538
-0.00213
0.00067
0.00460
0.00572
0.00752
0.01200
0.01593
0.02042
0.02333
0.02715
0.03063
0.03455
0.03713
0.04353
0.04824
0.05531
0.06136
0.06944
0.07718
0.08560
0.09446
0.10153
0.10770
0.11331
0.11869
0.12363
0.12464
0.12710
0.12755
0.12867
0.12789
0.12520
0.12172
0.11903
0.11678
0.11308
0.10691
0.10018
0.09244
0.08593
0.07886
0.06899
0.05856
0.04846
0.03904
0.02950
0.01795
0.00572
-0.00572
-0.01840
-0.02995
-0.04476
-0.05755
-0.07303
-0.08986
-0.10702
-0.12441
-0.14191
-0.15818
-0.17860
-0.19711
-0.21247
-0.22818
-0.24377
-0.25836
-0.27384
-0.28753
-0.29930
-0.31086
-0.32298
-0.33262
-0.34092
-0.34844
-0.35629
-0.36179
-0.36729
-0.37278
-0.37795
-0.37985
-0.38232
-0.38692
-0.39029
-0.39242
-0.39343
-0.39533
-0.39735
-0.39847
-0.39892
-0.39713
-0.39780
-0.39601
-0.39477
-0.39331
-0.38961
-0.38546
-0.38176
-0.37738
-0.36998
-0.36179
-0.35360
-0.34193
-0.33217
-0.32118
-0.30906
-0.29527
-0.28315
-0.27025
-0.25746
-0.24355
-0.22930
-0.21393
-0.19767
-0.18005
-0.16188
-0.14494
-0.12542
-0.10444
-0.08156
-0.05867
-0.03478
-0.00875
0.01660
0.04274
0.07011
0.09872
0.12710
0.15672
0.18465
0.21337
0.24344
0.27216
0.29987
0.32600
0.35551
0.38198
0.40700
0.42697
0.44739
0.46937
0.48946
0.50987
0.52928
0.54521
0.55901
0.57236
0.57965
0.58672
0.59379
0.60119
0.60657
0.60949
0.60915
0.60478
0.59895
0.59524
0.59334
0.58975
0.58638
0.57662
0.56383
0.54555
0.52356
0.49877
0.47588
0.45457
0.43516
0.41642
0.39814
0.38322
0.36740
0.35203
0.33677
0.32084
0.30188
0.28023
0.25993
0.24007
0.21820
0.19542
0.17052
0.14797
0.12295
0.09749
0.07135
0.04790
0.02704
0.00954
-0.01043
-0.02950
-0.04858
-0.06686
-0.08436
-0.10433
-0.12071
-0.13686
-0.14976
-0.15919
-0.16839
-0.17344
-0.17635
-0.18028
-0.18376
-0.18409
-0.18768
-0.19082
-0.19677
-0.20047
-0.20552
-0.20989
-0.21326
-0.21752
-0.21865
-0.21842
-0.21707
-0.21550
-0.21304
-0.20866
-0.20372
-0.19890
-0.19251
-0.18611
-0.17938
-0.17243
-0.16233
-0.15459
-0.14617
-0.13686
-0.12980
-0.12015
-0.11364
-0.10613
-0.09872
-0.09278
-0.08773
-0.08324
-0.07943
-0.07483
-0.07079
-0.06843
-0.06608
-0.06372
-0.06080
-0.05755
-0.05598
-0.05273
-0.05082
-0.04869
-0.04633
-0.04409
-0.04353
-0.04162
-0.04173
-0.03792
-0.03534
-0.03287
-0.03085
-0.03141
-0.03007
-0.02726
-0.02603
-0.02412
-0.02390
-0.02210
-0.02064
-0.01941
-0.01930
-0.01952
-0.01941
-0.01761
-0.01784
-0.01851
-0.01974
-0.02098
-0.02042
-0.01885
-0.01851
-0.01784
-0.01615
-0.01604
-0.01548
-0.01346
-0.01346
-0.00998
-0.00729
-0.00662
-0.00460
-0.00236
-0.00045
0.00123
0.00191
0.00314
0.00280
0.00527
0.00370
0.00381
0.00460
0.00494
0.00583
0.00752
0.00909
0.00931
0.01066
0.01178
0.01324
0.01313
0.01526
0.01582
0.01615
0.01582
0.01615
0.01896
0.01795
0.01694
0.01660
0.01806
0.01806
0.02064
0.01896
0.01829
0.01840
0.01896
0.01772
0.01335
0.01144
0.01223
0.01313
0.01043
0.01066
0.01234
0.01234
0.01223
0.01414
0.01526
0.01481
0.01425
0.01548
0.01683
0.01728
0.01862
0.01952
0.01851
0.01559
0.01537
0.01492
0.01559
0.01346
0.00998
0.01088
0.01167
0.01369
0.01021
0.00696
0.00819
0.00853
0.00875
0.00639
0.00460
0.00404
0.00415
0.00561
0.00595
0.00583
0.00538
0.00550
0.00550
0.00550
0.00236
-0.00202
-0.00606
-0.00729
-0.00797
-0.01066
-0.01380
-0.01683
-0.01817
-0.01862
-0.01896
-0.02098
-0.02221
-0.02165
-0.02165
-0.02154
-0.02210
-0.02031
-0.01963
-0.01918
-0.01907
-0.01873
-0.01885
-0.02031
-0.02188
-0.02378
-0.02255
-0.02446
-0.02793
-0.02883
-0.02793
-0.02681
-0.02715
-0.02681
-0.02894
-0.02995
-0.03007
-0.03152
-0.03186
-0.03253
-0.03265
-0.03332
-0.03265
-0.03354
-0.03287
-0.03220
-0.03197
-0.03164
-0.02973
-0.02861
-0.02849
-0.02771
-0.02771
-0.02636
-0.02502
-0.02322
-0.02401
-0.02322
-0.02244
-0.02031
-0.01829
-0.01716
-0.01582
-0.01503
-0.01380
-0.01155
-0.01010
-0.00897
-0.00662
-0.00337
-0.00337
-0.00213
-0.00045
0.00280
0.00494
0.00729
0.00696
0.00976
0.01290
0.01571
0.01649
0.01784
0.01974
0.02131
0.02277
0.02165
0.02300
0.02535
0.02715
0.02771
0.03007
0.03197
0.03321
0.03500
0.03781
0.03915
0.04196
0.04274
0.04409
0.04499
0.04521
0.04465
0.04375
0.04353
0.04061
0.03769
0.03590
0.03321
0.03063
0.03119
0.03197
0.03130
0.03074
0.03107
0.03074
0.03208
0.03051
0.03040
0.02962
0.02872
0.02748
0.02805
0.02737
0.02760
0.02692
0.02648
0.02591
0.02614
0.02457
0.02457
0.02333
0.02120
0.02075
0.01907
0.01638
0.01245
0.01043
0.00718
0.00471
0.00224
0.00135
-0.00101
-0.00123
-0.00123
-0.00123
-0.00168
-0.00202
-0.00359
-0.00426
-0.00550
-0.00673
-0.00886
-0.01212
-0.01470
-0.01615
-0.01930
-0.02188
-0.02333
-0.02401
-0.02603
-0.02704
-0.02715
-0.02681
-0.02704
-0.02838
-0.02861
-0.02872
-0.02928
-0.03096
-0.03242
-0.03354
-0.03478
-0.03478
-0.03332
-0.03197
-0.03197
-0.03265
-0.03455
-0.03343
-0.03309
-0.03399
-0.03444
-0.03365
-0.03276
-0.03040
-0.02984
-0.02771
-0.02648
-0.02625
-0.02457
-0.02468
-0.02311
-0.02075
-0.01997
-0.01963
-0.01862
-0.01627
-0.01672
-0.01649
-0.01772
-0.01963
-0.02188
-0.02423
-0.02872
-0.03433
-0.03848
-0.04218
-0.04510
-0.04678
-0.04992
-0.04958
-0.04768
-0.04656
-0.04577
-0.04241
-0.04173
-0.04072
-0.03713
-0.03455
-0.03365
-0.03130
-0.02962
-0.02748
-0.02490
-0.02255
-0.01885
-0.01705
-0.01245
-0.00774
-0.00494
-0.00202
0.00067
0.00348
0.00673
0.01032
0.01223
0.01817
0.02221
0.02838
0.03410
0.03983
0.04633
0.05172
0.05878
0.06596
0.07281
0.07943
0.08649
0.09199
0.09939
0.10411
0.10736
0.10837
0.11061
0.11252
0.11241
0.11286
0.11050
0.10927
0.10534
0.10085
0.09603
0.09031
0.08234
0.07516
0.06551
0.05867
0.05116
0.03915
0.02939
0.02031
0.01178
0.00370
-0.00707
-0.01930
-0.03074
-0.04083
-0.05250
-0.06417
-0.07561
-0.08829
-0.10399
-0.11858
-0.13148
-0.14348
-0.15717
-0.17276
-0.18869
-0.20171
-0.21012
-0.22280
-0.24041
-0.25443
-0.26296
-0.27261
-0.28427
-0.29605
-0.30660
-0.31658
-0.32533
-0.33274
-0.34048
-0.34867
-0.35573
-0.36235
-0.36976
-0.37615
-0.38165
-0.38793
-0.39320
-0.39825
-0.40105
-0.40375
-0.40868
-0.41171
-0.41340
-0.41317
-0.41396
-0.41541
-0.41508
-0.40981
-0.40655
-0.40162
-0.39836
-0.39152
-0.38512
-0.37637
-0.36572
-0.35730
-0.34822
-0.33812
-0.32623
-0.31400
-0.30256
-0.29078
-0.27956
-0.26385
-0.25062
-0.23401
-0.21865
-0.20103
-0.17792
-0.15436
-0.13069
-0.10579
-0.08010
-0.05116
-0.02244
0.00707
0.03567
0.06428
0.09435
0.12419
0.15493
0.18544
0.21472
0.24501
0.27193
0.29919
0.32387
0.34564
0.36942
0.39275
0.41452
0.43415
0.45243
0.47117
0.48744
0.50236
0.51963
0.53399
0.54499
0.55721
0.57034
0.57976
0.58728
0.59390
0.59996
0.60130
0.60097
0.60164
0.60052
0.59457
0.58504
0.57763
0.56888
0.55822
0.54521
0.53141
0.51571
0.49922
0.48205
0.46388
0.44245
0.42147
0.40319
0.38187
0.36067
0.33879
0.31759
0.29459
0.27137
0.25174
0.22863
0.20608
0.18297
0.16210
0.14236
0.12149
0.09872
0.07819
0.05576
0.03556
0.01559
-0.00527
-0.02423
-0.04173
-0.05878
-0.07382
-0.08941
-0.10321
-0.11701
-0.13058
-0.14247
-0.15257
-0.16076
-0.16872
-0.17714
-0.18241
-0.18723
-0.19071
-0.19441
-0.19767
-0.20025
-0.20114
-0.20171
-0.20025
-0.19834
-0.19845
-0.19755
-0.19554
-0.19105
-0.18824
-0.18443
-0.18073
-0.17523
-0.16917
-0.16412
-0.15739
-0.15167
-0.14730
-0.14045
-0.13339
-0.12710
-0.12093
-0.11544
-0.10983
-0.10164
-0.09558
-0.09132
-0.08694
-0.08100
-0.07752
-0.07292
-0.06843
-0.06361
-0.05867
-0.05676
-0.05306
-0.04835
-0.04678
-0.04499
-0.04207
-0.04207
-0.04050
-0.03781
-0.03590
-0.03556
-0.03265
-0.03208
-0.03029
-0.02681
-0.02524
-0.02479
-0.02591
-0.02446
-0.02210
-0.02053
-0.02367
-0.02311
-0.01862
-0.01604
-0.01739
-0.01918
-0.01761
-0.01683
-0.01571
-0.01582
-0.01526
-0.01604
-0.01514
-0.01627
-0.01660
-0.01537
-0.01526
-0.01402
-0.01245
-0.01066
-0.01032
-0.00909
-0.00830
-0.00897
-0.01189
-0.01234
-0.01133
-0.01111
-0.01066
-0.01234
-0.01189
-0.01167
-0.01111
-0.00875
-0.01043
-0.00808
-0.00527
-0.00505
-0.00404
-0.00438
-0.00247
-0.00236
-0.00202
-0.00045
0.00022
0.00079
0.00112
0.00213
0.00247
0.00314
0.00292
0.00370
0.00280
0.00314
0.00393
0.00393
0.00359
0.00303
0.00236
0.00303
0.00359
0.00426
0.00426
0.00561
0.00583
0.00819
0.00853
0.00841
0.00931
0.01077
0.01167
0.01178
0.01144
0.01279
0.01380
0.01503
0.01537
0.01380
0.01458
0.01559
0.01324
0.01290
0.01122
0.01167
0.01178
0.00942
0.00875
0.00841
0.00841
0.00673
0.00572
0.00583
0.00707
0.00740
0.00785
0.00617
0.00606
0.00538
0.00538
0.00381
0.00337
0.00202
0.00202
0.00135
-0.00034
-0.00067
-0.00157
-0.00292
-0.00247
-0.00146
-0.00236
-0.00673
-0.00841
-0.00931
-0.01122
-0.01223
-0.01290
-0.01369
-0.01335
-0.01402
-0.01458
-0.01391
-0.01514
-0.01705
-0.01784
-0.01986
-0.02165
-0.02289
-0.02277
-0.02502
-0.02502
-0.02423
-0.02580
-0.02838
-0.03040
-0.03220
-0.03253
-0.03276
-0.03309
-0.03410
-0.03612
-0.03567
-0.03668
-0.03668
-0.03893
-0.03960
-0.03971
-0.03904
-0.03893
-0.03893
-0.03769
-0.03646
-0.03668
-0.03713
-0.03769
-0.03926
-0.04050
-0.04072
-0.04061
-0.04016
-0.04016
-0.03837
-0.03926
-0.03736
-0.03511
-0.03321
-0.03130
-0.02782
-0.02726
-0.02479
-0.02176
-0.02019
-0.01660
-0.01458
-0.01155
-0.00841
-0.00516
-0.00123
0.00011
0.00280
0.00426
0.00729
0.01021
0.01189
0.01234
0.01414
0.01660
0.01728
0.01896
0.02109
0.02064
0.02188
0.02277
0.02333
0.02535
0.02636
0.02748
0.02861
0.03096
0.03298
0.03556
0.03646
0.04027
0.04072
0.04173
0.04263
0.04184
0.04364
0.04442
0.04532
0.04442
0.04454
0.04577
0.04611
0.04487
0.04745
0.04712
0.04577
0.04757
0.04734
0.04880
0.04970
0.04880
0.04902
0.04600
0.04442
0.04353
0.04285
0.04083
0.03983
0.03792
0.03556
0.03534
0.03321
0.03096
0.03074
0.02894
0.02726
0.02535
0.02524
0.02580
0.02502
0.02591
0.02446
0.02446
0.02390
0.02333
0.02143
0.01974
0.01885
0.01627
0.01492
0.01099
0.00830
0.00830
0.00449
0.00179
-0.00022
-0.00482
-0.00628
-0.00752
-0.00909
-0.01200
-0.01369
-0.01548
-0.01514
-0.01761
-0.01930
-0.01795
-0.01952
-0.01840
-0.01683
-0.01458
-0.01436
-0.01425
-0.01144
-0.01032
-0.00976
-0.01010
-0.01077
-0.01021
-0.01088
-0.00987
-0.00875
-0.00841
-0.01021
-0.01032
-0.01223
-0.01313
-0.01425
-0.01447
-0.01694
-0.01974
-0.02131
-0.02042
-0.01986
-0.02165
-0.02322
-0.02188
-0.02176
-0.02322
-0.02210
-0.02401
-0.02502
-0.02569
-0.02569
-0.02793
-0.02984
-0.03276
-0.03590
-0.03691
-0.03859
-0.03983
-0.04128
-0.04263
-0.04341
-0.04308
-0.04386
-0.04476
-0.04555
-0.04252
-0.04218
-0.04420
-0.04173
-0.04173
-0.04050
-0.04027
-0.03713
-0.03511
-0.03265
-0.02580
-0.02232
-0.01593
-0.01133
-0.00662
-0.00101
0.00527
0.01324
0.01885
0.02648
0.03164
0.03668
0.04398
0.04947
0.05564
0.06193
0.06955
0.07842
0.08593
0.09210
0.09614
0.10298
0.10770
0.11095
0.11387
0.11802
0.12127
0.12149
0.12127
0.11970
0.11992
0.11701
0.11398
0.10949
0.10545
0.10119
0.09603
0.08986
0.08234
0.07662
0.07124
0.06338
0.05463
0.04409
0.03534
0.02692
0.01829
0.00729
-0.00348
-0.01447
-0.02580
-0.03758
-0.04958
-0.06058
-0.07337
-0.08840
-0.10366
-0.11701
-0.12991
-0.14416
-0.15863
-0.17175
-0.18409
-0.19755
-0.21079
-0.22223
-0.23469
-0.24254
-0.25320
-0.26296
-0.27317
-0.28248
-0.28898
-0.29762
-0.30693
-0.31434
-0.32185
-0.32926
-0.33722
-0.34362
-0.35091
-0.35663
-0.36291
-0.36819
-0.37413
-0.38041
-0.38400
-0.38894
-0.39399
-0.39634
-0.39993
-0.40476
-0.40689
-0.41014
-0.40924
-0.40936
-0.40880
-0.40633
-0.40375
-0.39993
-0.39331
-0.38580
-0.37694
-0.36830
-0.35910
-0.34665
-0.33363
-0.32197
-0.31030
-0.29751
-0.28248
-0.26408
-0.24669
-0.23155
-0.21169
-0.18993
-0.16816
-0.14629
-0.12262
-0.09827
-0.07415
-0.04914
-0.02401
0.00337
0.02995
0.05878
0.08705
0.11589
0.14348
0.17086
0.19845
0.22717
0.25544
0.28136
0.30772
0.33408
0.35786
0.38142
0.40364
0.42562
0.44649
0.46500
0.48407
0.50123
0.51672
0.53063
0.54252
0.55531
0.56574
0.57359
0.58156
0.58571
0.58997
0.59266
0.59322
0.59289
0.59087
0.58739
0.58100
0.57247
0.56305
0.55441
0.54342
0.53085
0.51638
0.50202
0.48587
0.46769
0.44963
0.43078
0.41081
0.39062
0.36976
0.34732
0.32556
0.30491
0.28248
0.25914
0.23917
0.21730
0.19464
0.17153
0.14965
0.12991
0.11039
0.09098
0.06978
0.05228
0.03298
0.01301
-0.00415
-0.02120
-0.03713
-0.05116
-0.06372
-0.07696
-0.08694
-0.09928
-0.11084
-0.11903
-0.12576
-0.13226
-0.14000
-0.14674
-0.14988
-0.15403
-0.15952
-0.16132
-0.16502
-0.16614
-0.16648
-0.16670
-0.16558
-0.16300
-0.16154
-0.15874
-0.15605
-0.15291
-0.14887
-0.14775
-0.14371
-0.14034
-0.13552
-0.13103
-0.12576
-0.12161
-0.11510
-0.11005
-0.10298
-0.09939
-0.09603
-0.09165
-0.08683
-0.08257
-0.07909
-0.07337
-0.06967
-0.06495
-0.06047
-0.05721
-0.05497
-0.05205
-0.04981
-0.04723
-0.04577
-0.04454
-0.04308
-0.04106
-0.03859
-0.03523
-0.03422
-0.03152
-0.02906
-0.02748
-0.02782
-0.02524
-0.02356
-0.02176
-0.02120
-0.01986
-0.02098
-0.01862
-0.01728
-0.01716
-0.01548
-0.01526
-0.01503
-0.01324
-0.01503
-0.01256
-0.01122
-0.00909
-0.01055
-0.01099
-0.00998
-0.01032
-0.01088
-0.01167
-0.00942
-0.00942
-0.00830
-0.00819
-0.00718
-0.00662
-0.00505
-0.00550
-0.00381
-0.00337
-0.00269
-0.00303
-0.00325
-0.00236
-0.00224
-0.00258
-0.00168
-0.00045
0.00101
0.00325
0.00460
0.00516
0.00583
0.00595
0.00920
0.00920
0.00864
0.00819
0.01021
0.01144
0.01111
0.01313
0.01414
0.01582
0.01615
0.01784
0.01873
0.02188
0.02165
0.02333
0.02513
0.02513
0.02591
0.02906
0.03018
0.02995
0.03051
0.03231
0.03545
0.03500
0.03545
0.03713
0.03848
0.04072
0.04229
0.04386
0.04577
0.04656
0.04622
0.04633
0.04622
0.04543
0.04577
0.04476
0.04364
0.04285
0.04173
0.04162
0.04027
0.03848
0.03825
0.03792
0.03702
0.03523
0.03691
0.03646
0.03814
0.03803
0.03736
0.03702
0.03556
0.03388
0.03276
0.03040
0.02827
0.02737
0.02614
0.02468
0.02390
0.02255
0.02221
0.01930
0.01615
0.01391
0.01279
0.00909
0.00651
0.00516
0.00359
0.00123
0.00056
-0.00045
-0.00135
-0.00146
-0.00247
-0.00112
-0.00280
-0.00359
-0.00438
-0.00639
-0.00662
-0.00853
-0.01066
-0.01402
-0.01638
-0.01739
-0.01806
-0.02008
-0.02143
-0.02210
-0.02401
-0.02502
-0.02479
-0.02659
-0.02827
-0.02995
-0.03197
-0.03242
-0.03466
-0.03466
-0.03455
-0.03410
-0.03455
-0.03579
-0.03680
-0.03680
-0.03702
-0.03882
-0.03825
-0.03769
-0.03747
-0.03601
-0.03624
-0.03399
-0.03377
-0.03119
-0.02984
-0.02782
-0.02771
-0.02659
-0.02345
-0.02154
-0.02008
-0.01672
-0.01369
-0.01032
-0.00797
-0.00404
-0.00022
0.00202
0.00292
0.00550
0.00718
0.00976
0.01066
0.01077
0.01402
0.01716
0.02008
0.02131
0.02289
0.02524
0.02793
0.03040
0.03051
0.03242
0.03433
0.03466
0.03668
0.03792
0.03848
0.04140
0.04409
0.04476
0.04723
0.04835
0.05138
0.05116
0.05385
0.05396
0.05486
0.05374
0.05228
0.05306
0.05149
0.05172
0.05160
0.05116
0.05116
0.05003
0.04992
0.04914
0.04970
0.04869
0.05026
0.05172
0.05071
0.05116
0.05071
0.05127
0.05082
0.05205
0.05160
0.05071
0.04981
0.04914
0.04667
0.04555
0.04375
0.04162
0.03803
0.03579
0.03365
0.03130
0.02793
0.02468
0.02244
0.02064
0.01918
0.01705
0.01694
0.01425
0.01122
0.01144
0.01021
0.00830
0.00426
0.00146
0.00168
-0.00135
-0.00415
-0.00426
-0.00707
-0.00886
-0.00942
-0.01212
-0.01268
-0.01458
-0.01481
-0.01627
-0.01593
-0.01638
-0.01481
-0.01447
-0.01526
-0.01503
-0.01514
-0.01604
-0.01537
-0.01301
-0.01436
-0.01290
-0.01391
-0.01357
-0.01189
-0.01167
-0.01200
-0.01077
-0.00954
-0.00998
-0.00886
-0.01021
-0.00998
-0.01111
-0.00841
-0.00909
-0.00886
-0.01111
-0.01155
-0.01200
-0.01402
-0.01571
-0.01548
-0.01683
-0.01627
-0.01672
-0.01873
-0.02165
-0.02322
-0.02401
-0.02636
-0.03040
-0.03276
-0.03511
-0.03803
-0.04061
-0.04106
-0.04196
-0.04252
-0.04229
-0.04117
-0.04173
-0.04027
-0.04039
-0.04083
-0.04016
-0.03646
-0.03534
-0.03208
-0.02939
-0.02558
-0.02390
-0.01851
-0.01414
-0.01043
-0.00606
0.00179
0.00931
0.01571
0.02188
0.02849
0.03276
0.03983
0.04454
0.05160
0.05822
0.06630
0.07281
0.07819
0.08492
0.09199
0.09726
0.10175
0.10680
0.11342
0.11746
0.12105
0.12475
0.12890
0.13238
0.13327
0.13361
0.13372
0.13260
0.13002
0.12879
0.12553
0.12295
0.11880
0.11443
0.10871
0.10489
0.09816
0.09098
0.08201
0.07348
0.06529
0.05531
0.04555
0.03680
0.02715
0.01649
0.00527
-0.00359
-0.01380
-0.02580
-0.03624
-0.04757
-0.05811
-0.06944
-0.08245
-0.09379
-0.10422
-0.11645
-0.12867
-0.14090
-0.15257
-0.16491
-0.17590
-0.18656
-0.19767
-0.20989
-0.21999
-0.23009
-0.23962
-0.24950
-0.26004
-0.26857
-0.27934
-0.28797
-0.29571
-0.30447
-0.31344
-0.32118
-0.32847
-0.33666
-0.34294
-0.34990
-0.35742
-0.36426
-0.36942
-0.37492
-0.38232
-0.38782
-0.39107
-0.39230
-0.39533
-0.39713
-0.39915
-0.40083
-0.39960
-0.39825
-0.39702
-0.39376
-0.38894
-0.38254
-0.37626
-0.36886
-0.36134
-0.35203
-0.34407
-0.33262
-0.32051
-0.30850
-0.29583
-0.28136
-0.26464
-0.24703
-0.22930
-0.21225
-0.19228
-0.17186
-0.15066
-0.12845
-0.10646
-0.08201
-0.05789
-0.03287
-0.00729
0.01851
0.04611
0.07056
0.09906
0.12553
0.15380
0.17904
0.20642
0.23244
0.25959
0.28495
0.30963
0.33318
0.35629
0.37996
0.40162
0.42203
0.44110
0.46062
0.47846
0.49405
0.50920
0.52221
0.53444
0.54274
0.55250
0.56148
0.56810
0.57135
0.57225
0.57382
0.57303
0.57045
0.56686
0.56114
0.55172
0.54364
0.53332
0.52098
0.50875
0.49585
0.48048
0.46455
0.44772
0.43123
0.41149
0.39242
0.37413
0.35394
0.33251
0.31265
0.29168
0.26935
0.25006
0.22930
0.20866
0.18768
0.16715
0.14584
0.12508
0.10455
0.08391
0.06361
0.04454
0.02872
0.01144
-0.00393
-0.02031
-0.03612
-0.05116
-0.06316
-0.07247
-0.08403
-0.09738
-0.10657
-0.11364
-0.11981
-0.12722
-0.13282
-0.13899
-0.14326
-0.14696
-0.14920
-0.15122
-0.15268
-0.15246
-0.15223
-0.15044
-0.14988
-0.15212
-0.15010
-0.14853
-0.14752
-0.14505
-0.14303
-0.14000
-0.13754
-0.13563
-0.13260
-0.12946
-0.12553
-0.12250
-0.11835
-0.11589
-0.11028
-0.10747
-0.10298
-0.09838
-0.09300
-0.09020
-0.08661
-0.08189
-0.07830
-0.07404
-0.07112
-0.06832
-0.06518
-0.06103
-0.05968
-0.05789
-0.05744
-0.05486
-0.05329
-0.05172
-0.05149
-0.05093
-0.04925
-0.04768
-0.04667
-0.04319
-0.04207
-0.03994
-0.03848
-0.03702
-0.03635
-0.03523
-0.03399
-0.03298
-0.03242
-0.03018
-0.02906
-0.02782
-0.02928
-0.02625
-0.02659
-0.02479
-0.02221
-0.02154
-0.02188
-0.02143
-0.01974
-0.01750
-0.01604
-0.01604
-0.01481
-0.01436
-0.01425
-0.01245
-0.01212
-0.01223
-0.01189
-0.01122
-0.01088
-0.01055
-0.01055
-0.00976
-0.00819
-0.00707
-0.00505
-0.00460
-0.00482
-0.00370
-0.00179
-0.00079
0.00056
0.00135
0.00101
0.00202
0.00404
0.00426
0.00516
0.00684
0.00931
0.01066
0.01256
0.01672
0.01817
0.01918
0.01873
0.02053
0.02266
0.02490
0.02502
0.02468
0.02692
0.02816
0.02939
0.03029
0.03220
0.03231
0.03466
0.03489
0.03736
0.03904
0.04050
0.04083
0.04263
0.04454
0.04588
0.04678
0.04700
0.04846
0.05026
0.04992
0.04992
0.05026
0.05003
0.05127
0.05026
0.05003
0.04858
0.04958
0.04813
0.04970
0.04936
0.04936
0.04745
0.04768
0.04656
0.04757
0.04644
0.04611
0.04521
0.04577
0.04274
0.04140
0.04027
0.03803
0.03556
0.03433
0.03332
0.03051
0.02962
0.02962
0.02805
0.02771
0.02569
0.02378
0.02188
0.02031
0.01873
0.01593
0.01582
0.01481
0.01279
0.01111
0.01043
0.00819
0.00662
0.00471
0.00303
0.00045
-0.00090
-0.00314
-0.00393
-0.00729
-0.01055
-0.01167
-0.01470
-0.01627
-0.01716
-0.01795
-0.02098
-0.02311
-0.02356
-0.02614
-0.02782
-0.03007
-0.03208
-0.03354
-0.03309
-0.03220
-0.03377
-0.03511
-0.03287
-0.03444
-0.03422
-0.03276
-0.03309
-0.03220
-0.03332
-0.03231
-0.03354
-0.03141
-0.03152
-0.03107
-0.03051
-0.02995
-0.02939
-0.02648
-0.02692
-0.02603
-0.02446
-0.02289
-0.02109
-0.01896
-0.01705
-0.01313
-0.01178
-0.01032
-0.00718
-0.00561
-0.00191
-0.00034
0.00224
0.00606
0.00909
0.01099
0.01189
0.01425
0.01683
0.01907
0.01963
0.01986
0.02367
0.02423
0.02547
0.02872
0.03107
0.03096
0.03343
0.03511
0.03870
0.04005
0.04005
0.04128
0.04420
0.04566
0.04633
0.04801
0.04958
0.04992
0.05194
0.05306
0.05340
0.05452
0.05418
0.05519
0.05374
0.05452
0.05609
0.05475
0.05430
0.05374
0.05486
0.05430
0.05463
0.05306
0.05486
0.05407
0.05306
0.05362
0.05172
0.05071
0.04880
0.04858
0.04813
0.04644
0.04555
0.04499
0.04285
0.04039
0.03870
0.03635
0.03253
0.03175
0.02939
0.02704
0.02535
0.02367
0.02165
0.01907
0.01795
0.01649
0.01436
0.01335
0.01189
0.00853
0.00460
0.00370
0.00236
-0.00045
-0.00067
-0.00236
-0.00381
-0.00426
-0.00516
-0.00583
-0.00651
-0.00651
-0.00864
-0.00740
-0.00897
-0.00909
-0.01010
-0.00954
-0.00920
-0.00920
-0.00830
-0.00875
-0.00819
-0.00808
-0.00583
-0.00729
-0.00841
-0.00617
-0.00886
-0.00763
-0.00954
-0.00897
-0.01010
-0.00864
-0.00954
-0.00954
-0.00965
-0.01043
-0.01167
-0.01268
-0.01335
-0.01481
-0.01705
-0.01873
-0.02165
-0.02311
-0.02670
-0.02984
-0.03321
-0.03612
-0.03949
-0.04341
-0.04521
-0.04790
-0.04958
-0.05306
-0.05643
-0.05822
-0.06092
-0.06181
-0.06305
-0.06394
-0.06630
-0.06619
-0.06630
-0.06596
-0.06608
-0.06271
-0.06114
-0.06013
-0.05710
-0.05340
-0.05093
-0.04902
-0.04476
-0.04241
-0.03724
-0.03298
-0.02726
-0.02255
-0.01559
-0.00998
-0.00348
0.00280
0.00897
0.01638
0.02401
0.03175
0.03870
0.04656
0.05217
0.06024
0.06495
0.07326
0.07909
0.08616
0.09334
0.09996
0.10467
0.11028
0.11499
0.11790
0.12071
0.12217
0.12318
0.12722
0.12553
0.12553
0.12576
0.12407
0.12351
0.12217
0.11813
0.11532
0.11061
0.10669
0.10197
0.09704
0.09165
0.08503
0.07920
0.07191
0.06383
0.05665
0.04757
0.03960
0.02950
0.02008
0.01032
0.00123
-0.00808
-0.01784
-0.03029
-0.03949
-0.05059
-0.06204
-0.07011
-0.08145
-0.09221
-0.10355
-0.11353
-0.12419
-0.13563
-0.14718
-0.15874
-0.17074
-0.18241
-0.19385
-0.20429
-0.21405
-0.22672
-0.23693
-0.24792
-0.25791
-0.26845
-0.27956
-0.28876
-0.29874
-0.30873
-0.31826
-0.32690
-0.33554
-0.34294
-0.35259
-0.35899
-0.36493
-0.37121
-0.37503
-0.38131
-0.38625
-0.39174
-0.39522
-0.39702
-0.39870
-0.40061
-0.40162
-0.40195
-0.40105
-0.39825
-0.39567
-0.39152
-0.38748
-0.38064
-0.37402
-0.36527
-0.36000
-0.35113
-0.34115
-0.32993
-0.31916
-0.30525
-0.29179
-0.27720
-0.26071
-0.24389
-0.22582
-0.20720
-0.18746
-0.16715
-0.14584
-0.12374
-0.10074
-0.07718
-0.05374
-0.02737
-0.00157
0.02457
0.05104
0.07741
0.10613
0.13238
0.16110
0.18880
0.21528
0.24198
0.26868
0.29493
0.31916
0.34238
0.36493
0.38782
0.41014
0.42977
0.44795
0.46668
0.48396
0.49877
0.51357
0.52547
0.53624
0.54431
0.55217
0.55957
0.56282
0.56552
0.56753
0.56585
0.56316
0.56036
0.55564
0.54734
0.53915
0.53029
0.52031
0.50976
0.49607
0.48160
0.46421
0.44806
0.43303
0.41508
0.39522
0.37593
0.35551
0.33588
0.31624
0.29773
0.27507
0.25499
0.23514
0.21573
0.19531
0.17557
0.15616
0.13843
0.11869
0.09951
0.08122
0.06383
0.04914
0.03298
0.01784
0.00460
-0.00954
-0.02345
-0.03545
-0.04790
-0.05755
-0.06810
-0.07808
-0.08694
-0.09491
-0.10366
-0.11106
-0.11510
-0.12037
-0.12531
-0.12845
-0.13170
-0.13383
-0.13619
-0.13720
-0.13855
-0.13956
-0.13843
-0.13855
-0.13832
-0.13787
-0.13630
-0.13395
-0.13406
-0.13226
-0.13103
-0.12823
-0.12486
-0.12295
-0.12015
-0.11847
-0.11476
-0.11308
-0.11185
-0.10691
-0.10601
-0.10321
-0.10096
-0.09861
-0.09401
-0.09233
-0.09064
-0.08728
-0.08548
-0.08425
-0.08335
-0.08212
-0.08088
-0.07864
-0.07707
-0.07483
-0.07202
-0.07034
-0.06899
-0.06753
-0.06495
-0.06338
-0.06181
-0.06103
-0.05890
-0.05710
-0.05777
-0.05531
-0.05452
-0.05374
-0.05217
-0.05205
-0.04970
-0.05048
-0.04958
-0.04712
-0.04745
-0.04869
-0.04824
-0.04734
-0.04622
-0.04622
-0.04476
-0.04622
-0.04442
-0.04398
-0.04353
-0.04252
-0.04308
-0.04297
-0.04128
-0.04083
-0.04039
-0.03803
-0.03747
-0.03691
-0.03489
-0.03500
-0.03579
-0.03579
-0.03287
-0.03141
-0.03096
-0.02984
-0.02838
-0.02614
-0.02603
-0.02535
-0.02345
-0.02232
-0.02277
-0.02019
-0.01930
-0.01907
-0.01716
-0.01672
-0.01436
-0.01268
-0.01099
-0.00819
-0.00673
-0.00550
-0.00303
-0.00112
-0.00056
0.00135
0.00269
0.00247
0.00314
0.00516
0.00561
0.00684
0.00752
0.01010
0.01122
0.01155
0.01369
0.01346
0.01571
0.01492
0.01604
0.01728
0.01873
0.01896
0.01986
0.02042
0.02165
0.02232
0.02098
0.02176
0.02188
0.02176
0.02087
0.02109
0.01930
0.01829
0.01986
0.01851
0.01806
0.01604
0.01772
0.01918
0.02031
0.02019
0.02143
0.01986
0.01986
0.01840
0.01795
0.01705
0.01593
0.01414
0.01335
0.01346
0.01268
0.01088
0.01043
0.00954
0.00763
0.00572
0.00314
0.00224
0.00045
-0.00179
-0.00393
-0.00651
-0.00853
-0.00931
-0.01077
-0.01346
-0.01335
-0.01503
-0.01604
-0.01604
-0.01784
-0.02031
-0.02087
-0.02266
-0.02367
-0.02648
-0.02827
-0.03208
-0.03242
-0.03354
-0.03567
-0.03624
-0.03949
-0.04016
-0.04229
-0.04241
-0.04499
-0.04521
-0.04532
-0.04712
-0.04588
-0.04790
-0.04723
-0.04846
-0.04914
-0.04880
-0.05037
-0.04858
-0.04947
-0.04801
-0.04656
-0.04566
-0.04622
-0.04532
-0.04510
-0.04532
-0.04487
-0.04285
-0.04218
-0.04106
-0.03859
-0.03803
-0.03680
-0.03478
-0.03399
-0.03343
-0.02984
-0.02906
-0.02715
-0.02547
-0.02255
-0.01930
-0.01660
-0.01582
-0.01189
-0.01088
-0.00763
-0.00696
-0.00606
-0.00269
-0.00090
0.00101
0.00415
0.00494
0.00718
0.01133
0.01178
0.01436
0.01559
0.01772
0.01952
0.02154
0.02345
0.02558
0.02726
0.02670
0.02973
0.03096
0.03377
0.02569
0.02704
0.02681
0.02659
0.02816
0.02973
0.02962
0.02827
0.02782
0.02872
0.03119
0.03287
0.03175
0.02917
0.02939
0.03186
0.03074
0.02872
0.02883
0.02917
