-0.8
-0.7920181405895692
-0.7840362811791384
-0.7760544217687075
-0.7680725623582767
-0.7600907029478459
-0.752108843537415
-0.7441269841269842
-0.7361451247165534
-0.7281632653061225
-0.7201814058956917
-0.7121995464852608
-0.70421768707483
-0.6962358276643992
-0.6882539682539683
-0.6802721088435375
-0.6722902494331067
-0.6643083900226758
-0.6563265306122449
-0.6483446712018142
-0.6403628117913832
-0.6323809523809524
-0.6243990929705215
-0.6164172335600908
-0.6084353741496599
-0.600453514739229
-0.5924716553287982
-0.5844897959183674
-0.5765079365079365
-0.5685260770975057
-0.5605442176870749
-0.552562358276644
-0.5445804988662132
-0.5365986394557822
-0.5286167800453515
-0.5206349206349207
-0.5126530612244897
-0.504671201814059
-0.49668934240362816
-0.4887074829931973
-0.48072562358276644
-0.47274376417233566
-0.46476190476190476
-0.45678004535147393
-0.4487981859410431
-0.4408163265306122
-0.4328344671201815
-0.4248526077097506
-0.41687074829931975
-0.4088888888888889
-0.400907029478458
-0.3929251700680272
-0.38494331065759635
-0.3769614512471656
-0.3689795918367347
-0.36099773242630384
-0.353015873015873
-0.34503401360544217
-0.33705215419501133
-0.3290702947845805
-0.32108843537414966
-0.3131065759637188
-0.305124716553288
-0.29714285714285715
-0.2891609977324263
-0.2811791383219955
-0.27319727891156453
-0.2652154195011338
-0.257233560090703
-0.24925170068027214
-0.2412698412698413
-0.23328798185941046
-0.22530612244897952
-0.21732426303854868
-0.20934240362811796
-0.20136054421768712
-0.19337868480725628
-0.18539682539682534
-0.1774149659863945
-0.16943310657596367
-0.16145124716553283
-0.1534693877551021
-0.14548752834467127
-0.13750566893424032
-0.12952380952380949
-0.12154195011337865
-0.11356009070294781
-0.10557823129251698
-0.09759637188208614
-0.0896145124716552
-0.08163265306122436
-0.07365079365079352
-0.06566893424036291
-0.05768707482993207
-0.049705215419501125
-0.04172335600907029
-0.03374149659863945
-0.025759637188208617
-0.01777777777777778
-0.009795918367346945
-0.0018140589569159982
0.006167800453514838
0.014149659863945674
0.02213151927437651
0.030113378684807346
0.03809523809523818
0.046077097505668796
0.05405895691609963
0.06204081632653069
0.07002267573696153
0.07800453514739236
0.0859863945578232
0.09396825396825403
0.10195011337868487
0.1099319727891157
0.11791383219954654
0.12589569160997738
0.13387755102040821
0.14185941043083905
0.1498412698412699
0.15782312925170072
0.16580498866213156
0.1737868480725624
0.18176870748299323
0.18975056689342407
0.1977324263038549
0.20571428571428574
0.21369614512471657
0.2216780045351474
0.22965986394557825
0.23764172335600908
0.24562358276644014
0.253605442176871
0.2615873015873018
0.2695691609977324
0.27755102040816326
0.2855328798185941
0.29351473922902493
0.30149659863945577
0.3094784580498866
0.31746031746031744
0.3254421768707483
0.3334240362811791
0.3414058956916102
0.349387755102041
0.35736961451247184
0.3653514739229027
0.3733333333333335
0.38131519274376413
0.38929705215419497
0.3972789115646258
0.40526077097505664
0.4132426303854875
0.42122448979591853
0.42920634920634937
0.4371882086167802
0.44517006802721104
0.4531519274376419
0.4611337868480727
0.46911564625850355
0.4770975056689344
0.4850793650793652
0.49306122448979584
0.5010430839002267
0.5090249433106575
0.5170068027210886
0.5249886621315194
0.5329705215419502
0.5409523809523811
0.5489342403628119
0.5569160997732427
0.5648979591836736
0.5728798185941044
0.580861678004535
0.5888435374149661
0.5968253968253969
0.6048072562358278
0.6127891156462586
0.6207709750566897
0.6287528344671203
0.6367346938775513
0.6447165532879819
0.652698412698413
0.6606802721088436
0.6686621315192742
0.6766439909297053
0.6846258503401359
0.692607709750567
0.7005895691609978
0.7085714285714289
0.7165532879818595
0.7245351473922905
0.7325170068027211
0.7404988662131522
0.7484807256235828
0.7564625850340139
0.7644444444444445
0.7724263038548753
0.7804081632653062
0.788390022675737
0.796371882086168
-0.7956462585034014
-0.7876643990929705
-0.7796825396825398
-0.7717006802721088
-0.7637188208616781
-0.7557369614512471
-0.7477551020408164
-0.7397732426303855
-0.7317913832199547
-0.7238095238095238
-0.7158276643990931
-0.7078458049886625
-0.6998639455782314
-0.6918820861678008
-0.6839002267573697
-0.6759183673469388
-0.6679365079365077
-0.6599546485260771
-0.651972789115646
-0.6439909297052154
-0.6360090702947844
-0.6280272108843538
-0.6200453514739227
-0.6120634920634921
-0.6040816326530614
-0.5960997732426304
-0.5881179138321997
-0.5801360544217687
-0.572154195011338
-0.5641723356009071
-0.5561904761904763
-0.5482086167800453
-0.5402267573696147
-0.5322448979591836
-0.524263038548753
-0.5162811791383219
-0.5082993197278913
-0.5003174603174603
-0.4923356009070293
-0.48435374149659866
-0.47637188208616765
-0.468390022675737
-0.460408163265306
-0.4524263038548753
-0.4444444444444443
-0.43646258503401364
-0.42848072562358264
-0.42049886621315197
-0.41251700680272096
-0.4045351473922903
-0.3965532879818593
-0.3885714285714286
-0.38058956916099795
-0.37260770975056695
-0.3646258503401363
-0.3566439909297053
-0.3486621315192746
-0.3406802721088436
-0.33269841269841294
-0.32471655328798193
-0.31673469387755093
-0.30875283446711993
-0.30077097505668926
-0.2927891156462582
-0.2848072562358276
-0.27682539682539653
-0.2688435374149659
-0.2608616780045353
-0.25287981859410424
-0.24489795918367363
-0.23691609977324257
-0.22893424036281196
-0.2209523809523809
-0.2129705215419503
-0.20498866213151923
-0.1970068027210885
-0.18902494331065756
-0.18104308390022683
-0.17306122448979588
-0.16507936507936516
-0.15709750566893455
-0.1491156462585035
-0.14113378684807254
-0.13315192743764181
-0.12517006802721087
-0.11718820861677981
-0.1092063492063492
-0.10122448979591814
-0.09324263038548752
-0.08526077097505647
-0.07727891156462585
-0.0692970521541948
-0.06131519274376418
-0.05333333333333312
-0.04535147392290251
-0.03736961451247178
-0.029387755102040836
-0.02140589569161011
-0.013424036281179164
-0.005442176870748439
0.0025396825396825085
0.010521541950113233
0.01850340136054418
0.026485260770974905
0.03446712018140585
0.04244897959183691
0.050430839002267525
0.05841269841269858
0.0663945578231292
0.07437641723356025
0.08235827664399087
0.09034013605442193
0.09832199546485254
0.1063038548752836
0.11428571428571421
0.12226757369614527
0.13024943310657588
0.13823129251700694
0.14621315192743756
0.15419501133786861
0.16217687074829923
0.1701587301587303
0.1781405895691609
0.18612244897959163
0.19410430839002257
0.2020861678004533
0.21006802721088436
0.21804988662131497
0.22603174603174603
0.23401360544217686
0.24199546485260792
0.24997732426303854
0.2579591836734696
0.2659410430839002
0.27392290249433127
0.2819047619047619
0.2898866213151927
0.29786848072562355
0.3058503401360544
0.3138321995464852
0.32181405895691606
0.3297959183673469
0.33777777777777773
0.34575963718820857
0.3537414965986396
0.36172335600907
0.3697052154195011
0.3776870748299319
0.38566893424036297
0.3936507936507936
0.4016326530612244
0.4096145124716555
0.4175963718820861
0.42557823129251715
0.433560090702948
0.44154195011337904
0.44952380952380944
0.4575056689342405
0.46548752834467133
0.4734693877551024
0.4814512471655328
0.48943310657596384
0.4974149659863947
0.5053968253968257
0.5133786848072561
0.5213605442176872
0.529342403628118
0.5373242630385484
0.5453061224489795
0.5532879818594105
0.5612698412698414
0.5692517006802718
0.5772335600907028
0.5852154195011339
0.5931972789115647
0.6011791383219955
0.6091609977324264
0.6171428571428574
0.6251247165532878
0.6331065759637189
0.6410884353741497
0.6490702947845808
0.6570521541950112
0.6650340136054422
0.6730158730158731
0.6809977324263041
0.6889795918367345
0.6969614512471656
0.7049433106575964
0.7129251700680275
0.7209070294784579
0.7288888888888889
0.7368707482993198
0.7448526077097506
0.7528344671201812
0.7608163265306123
0.7687981859410431
0.7767800453514739
0.7847619047619048
0.7927437641723358
-0.7992743764172332
-0.7912925170068029
-0.7833106575963719
-0.7753287981859409
-0.7673469387755099
-0.7593650793650796
-0.7513832199546485
-0.7434013605442176
-0.7354195011337872
-0.7274376417233562
-0.7194557823129252
-0.7114739229024942
-0.7034920634920638
-0.6955102040816329
-0.6875283446712018
-0.6795464852607709
-0.6715646258503405
-0.6635827664399095
-0.6556009070294785
-0.6476190476190475
-0.6396371882086171
-0.6316553287981862
-0.6236734693877551
-0.6156916099773249
-0.6077097505668938
-0.5997278911564629
-0.5917460317460318
-0.5837641723356015
-0.5757823129251705
-0.5678004535147395
-0.5598185941043085
-0.5518367346938775
-0.5438548752834464
-0.5358730158730154
-0.5278911564625851
-0.5199092970521542
-0.5119274376417231
-0.503945578231292
-0.49596371882086177
-0.48798185941043076
-0.47999999999999976
-0.4720181405895687
-0.4640362811791384
-0.4560544217687074
-0.4480725623582764
-0.44009070294784536
-0.4321088435374151
-0.4241269841269841
-0.41614512471655307
-0.40816326530612274
-0.40018140589569173
-0.39219954648526073
-0.38421768707482973
-0.3762358276643994
-0.3682539682539684
-0.3602721088435374
-0.3522902494331064
-0.34430839002267605
-0.33632653061224504
-0.32834467120181404
-0.32036281179138304
-0.3123809523809527
-0.3043990929705217
-0.29641723356009064
-0.28843537414966036
-0.2804535147392294
-0.27247165532879836
-0.2644897959183673
-0.256507936507937
-0.24852607709750607
-0.240544217687075
-0.23256235827664395
-0.22458049886621367
-0.21659863945578273
-0.20861678004535167
-0.2006349206349206
-0.19265306122448966
-0.1846712018140586
-0.17668934240362755
-0.16870748299319727
-0.16072562358276632
-0.15274376417233526
-0.1447619047619042
-0.13678004535147392
-0.12879818594104298
-0.12081632653061192
-0.11283446712018086
-0.10485260770975058
-0.09687074829931963
-0.08888888888888857
-0.08090702947845829
-0.07292517006802723
-0.06494331065759629
-0.05696145124716523
-0.04897959183673495
-0.04099773242630389
-0.03301587301587294
-0.025034013605441885
-0.017052154195011604
-0.009070294784580546
-0.001088435374149599
0.006893424036281459
0.01487528344671174
0.022857142857142798
0.030839002267573745
0.03882086167800414
0.046802721088435084
0.05478458049886614
0.06276643990929709
0.07074829931972748
0.07873015873015843
0.08671201814058949
0.09469387755102043
0.10267573696145083
0.11065759637188177
0.11863945578231283
0.12662131519274378
0.13460317460317417
0.14258503401360512
0.15056689342403617
0.15854875283446712
0.16653061224489818
0.17451247165532924
0.18249433106576018
0.19047619047619047
0.19845804988662152
0.20643990929705258
0.21442176870748364
0.2224036281179138
0.23038548752834487
0.23836734693877593
0.24634920634920698
0.25433106575963715
0.2623129251700682
0.27029478458049927
0.27827664399092944
0.2862585034013605
0.29424036281179156
0.3022222222222226
0.3102040816326528
0.31818594104308384
0.3261678004535149
0.33414965986394596
0.34213151927437613
0.3501133786848072
0.35809523809523824
0.36607709750566864
0.37405895691609947
0.38204081632653053
0.3900226757369616
0.398004535147392
0.40598639455782304
0.4139682539682539
0.42195011337868493
0.4299319727891153
0.4379138321995464
0.4458956916099772
0.4538775510204083
0.46185941043083867
0.4698412698412697
0.47782312925170056
0.48580498866213095
0.493786848072562
0.5017687074829931
0.5097505668934239
0.517732426303855
0.525714285714286
0.5336961451247164
0.5416780045351473
0.5496598639455783
0.5576417233560094
0.5656235827664404
0.5736054421768715
0.5815873015873017
0.5895691609977327
0.5975510204081638
0.6055328798185939
0.613514739229025
0.621496598639456
0.6294784580498871
0.6374603174603173
0.6454421768707483
0.6534240362811794
0.6614058956916105
0.6693877551020406
0.6773696145124717
0.6853514739229027
0.6933333333333338
0.701315192743764
0.709297052154195
0.7172789115646261
0.7252607709750565
0.7332426303854873
0.7412244897959184
0.7492063492063494
0.7571882086167798
0.7651700680272107
0.7731519274376417
0.7811337868480728
0.7891156462585032
0.797097505668934
-0.794920634920635
-0.7869387755102046
-0.7789569160997737
-0.7709750566893426
-0.7629931972789117
-0.7550113378684813
-0.7470294784580503
-0.7390476190476193
-0.7310657596371883
-0.7230839002267573
-0.7151020408163262
-0.7071201814058959
-0.699138321995465
-0.6911564625850339
-0.6831746031746029
-0.6751927437641719
-0.6672108843537417
-0.6592290249433106
-0.6512471655328795
-0.6432653061224486
-0.6352834467120183
-0.6273015873015872
-0.6193197278911562
-0.6113378684807252
-0.603356009070295
-0.5953741496598639
-0.5873922902494328
-0.5794104308390019
-0.5714285714285716
-0.5634467120181406
-0.5554648526077095
-0.5474829931972792
-0.5395011337868483
-0.5315192743764172
-0.5235374149659862
-0.5155555555555559
-0.5075736961451249
-0.4995918367346939
-0.4916099773242628
-0.48362811791383253
-0.47564625850340153
-0.46766439909297053
-0.45968253968253947
-0.4517006802721092
-0.4437188208616782
-0.4357369614512472
-0.42775510204081685
-0.41977324263038585
-0.41179138321995484
-0.40380952380952384
-0.3958276643990935
-0.3878458049886625
-0.3798639455782315
-0.3718820861678005
-0.36390022675737016
-0.35591836734693916
-0.34793650793650815
-0.33995464852607715
-0.3319727891156461
-0.3239909297052151
-0.3160090702947841
-0.3080272108843538
-0.30004535147392275
-0.2920634920634918
-0.28408163265306074
-0.27609977324263046
-0.2681179138321994
-0.26013605442176846
-0.2521541950113374
-0.24417233560090712
-0.23619047619047606
-0.22820861678004511
-0.22022675736961472
-0.21224489795918378
-0.20426303854875272
-0.19628117913832166
-0.18829931972789138
-0.18031746031746043
-0.17233560090702937
-0.16435374149659832
-0.15637188208616803
-0.1483900226757371
-0.14040816326530603
-0.13242630385487497
-0.12444444444444469
-0.11646258503401374
-0.10848072562358269
-0.1004988662131524
-0.09251700680272068
-0.0845351473922904
-0.07655328798186001
-0.06857142857142828
-0.060589569160998
-0.05260770975056772
-0.044625850340136
-0.036643990929705716
-0.028662131519273992
-0.02068027210884371
-0.012698412698412653
-0.004716553287981595
0.0032653061224486857
0.011247165532879633
0.01922902494331069
0.02721088435374175
0.03519274376417203
0.043174603174603754
0.051156462585034035
0.05913832199546509
0.06712018140589604
0.07510204081632632
0.08308390022675805
0.09106575963718844
0.09904761904761872
0.10702947845805044
0.11501133786848072
0.122993197278911
0.13097505668934273
0.138956916099773
0.14693877551020473
0.15492063492063513
0.1629024943310654
0.17088435374149713
0.1788662131519274
0.1868480725623577
0.19482993197278942
0.2028117913832197
0.21079365079365142
0.2187755102040818
0.22675736961451198
0.2347392290249437
0.2427210884353741
0.2507029478458045
0.2586848072562362
0.2666666666666664
0.2746485260770968
0.2826303854875285
0.29061224489795867
0.2985941043083904
0.3065759637188208
0.3145578231292512
0.3225396825396829
0.3305215419501131
0.33850340136054347
0.3464852607709752
0.35446712018140536
0.3624489795918364
0.3704308390022675
0.37841269841269853
0.3863945578231296
0.39437641723356043
0.4023582766439908
0.41034013605442254
0.41832199546485294
0.4263038548752831
0.43428571428571483
0.4422675736961452
0.4502494331065756
0.45823129251700734
0.4662131519274375
0.47419501133786923
0.4821768707482996
0.4901587301587298
0.4981405895691615
0.5061224489795919
0.5141043083900223
0.522086167800454
0.5300680272108842
0.5380498866213159
0.5460317460317463
0.5540136054421765
0.5619954648526082
0.5699773242630386
0.577959183673469
0.5859410430839007
0.5939229024943309
0.6019047619047613
0.609886621315193
0.6178684807256232
0.6258503401360549
0.6338321995464853
0.6418140589569157
0.6497959183673474
0.6577777777777776
0.665759637188208
0.6737414965986397
0.6817233560090699
0.6897052154195009
0.697687074829932
0.7056689342403624
0.7136507936507941
0.7216326530612243
0.7296145124716553
0.7375963718820864
0.7455782312925174
0.7535600907029476
0.7615419501133787
0.7695238095238097
0.7775056689342399
0.7854875283446716
0.793469387755102
-0.7985487528344664
-0.7905668934240367
-0.7825850340136058
-0.7746031746031747
-0.7666213151927437
-0.7586394557823142
-0.7506575963718817
-0.7426757369614521
-0.7346938775510197
-0.72671201814059
-0.7187301587301591
-0.710748299319728
-0.702766439909297
-0.694784580498866
-0.686802721088435
-0.678820861678004
-0.6708390022675744
-0.6628571428571434
-0.6548752834467124
-0.6468934240362814
-0.6389115646258503
-0.6309297052154194
-0.6229478458049883
-0.6149659863945574
-0.6069841269841277
-0.5990022675736952
-0.5910204081632657
-0.5830385487528347
-0.5750566893424036
-0.5670748299319727
-0.5590929705215416
-0.5511111111111107
-0.5431292517006809
-0.5351473922902485
-0.527165532879819
-0.519183673469388
-0.5112018140589569
-0.5032199546485259
-0.4952380952380949
-0.4872562358276639
-0.4792743764172343
-0.47129251700680186
-0.4633106575963723
-0.4553287981859413
-0.44734693877551024
-0.43936507936507924
-0.4313832199546497
-0.42340136054421723
-0.4154195011337876
-0.40743764172335517
-0.3994557823129256
-0.3914739229024946
-0.38349206349206355
-0.37551020408163255
-0.367528344671203
-0.35954648526077054
-0.35156462585034093
-0.3435827664399099
-0.3356009070294789
-0.3276190476190479
-0.31963718820861686
-0.31165532879818586
-0.30367346938775486
-0.2956916099773238
-0.28770975056689285
-0.27972789115646324
-0.27174603174603085
-0.26376417233560123
-0.2557823129251702
-0.24780045351473923
-0.23981859410430817
-0.2318367346938771
-0.22385487528344616
-0.21587301587301655
-0.20789115646258416
-0.19990929705215454
-0.1919274376417235
-0.18394557823129243
-0.17596371882086148
-0.16798185941043042
-0.15999999999999948
-0.15201814058956986
-0.14403628117913736
-0.13605442176870786
-0.1280725623582768
-0.12009070294784574
-0.11210884353741479
-0.10412698412698518
-0.09614512471655279
-0.08816326530612317
-0.08018140589569067
-0.07219954648526117
-0.06421768707483011
-0.05623582766439905
-0.048253968253968105
-0.04027210884353849
-0.0322902494331061
-0.024308390022676485
-0.016326530612245427
-0.00834467120181448
-0.0003628117913834217
0.007619047619047636
0.015600907029478583
0.02358276643990964
0.03156462585034059
0.03954648526077165
0.04752834467120126
0.05551020408163221
0.06349206349206327
0.07147392290249432
0.07945578231292527
0.08743764172335633
0.09541950113378728
0.10340136054421833
0.11138321995464795
0.11936507936508034
0.12734693877550995
0.135328798185941
0.14331065759637196
0.15129251700680302
0.15927437641723396
0.16725623582766502
0.17523809523809464
0.18321995464852703
0.19120181405895664
0.1991836734693877
0.20716553287981876
0.2151473922902496
0.22312925170067932
0.2311111111111117
0.23909297052154121
0.24707482993197383
0.25505668934240333
0.2630385487528344
0.27102040816326545
0.2790022675736963
0.286984126984126
0.2949659863945584
0.3029478458049879
0.31092970521541896
0.31891156462585
0.3268934240362811
0.33487528344671214
0.34285714285714297
0.3508390022675727
0.3588208616780051
0.3668027210884346
0.37478458049886565
0.3827664399092967
0.39074829931972777
0.3987301587301588
0.4067120181405899
0.4146938775510207
0.4226757369614518
0.43065759637188283
0.43863945578231234
0.44662131519274495
0.45460317460317445
0.4625850340136055
0.47056689342403657
0.4785487528344674
0.48653061224489846
0.4945124716553295
0.502494331065759
0.5104761904761916
0.5184580498866211
0.5264399092970522
0.5344217687074833
0.5424036281179141
0.5503854875283438
0.5583673469387762
0.5663492063492057
0.5743310657596383
0.5823129251700678
0.5902947845804989
0.59827664399093
0.6062585034013608
0.6142403628117905
0.6222222222222229
0.6302040816326524
0.6381859410430835
0.6461678004535145
0.6541496598639456
0.6621315192743766
0.6701133786848075
0.6780952380952372
0.6860770975056696
0.6940589569160991
0.7020408163265301
0.7100226757369612
0.7180045351473923
0.7259863945578233
0.7339682539682542
0.7419501133786839
0.7499319727891163
0.7579138321995458
0.7658956916099768
0.7738775510204079
