0.00623
0.01733
0.02838
0.03967
0.05048
0.06104
0.07147
0.08209
0.09216
0.10199
0.11206
0.12164
0.13104
0.14056
0.14966
0.15857
0.16766
0.17627
0.18475
0.19305
0.20160
0.20966
0.21759
0.22571
0.23340
0.24103
0.24878
0.25610
0.26331
0.27069
0.27765
0.28448
0.29126
0.29816
0.30475
0.31128
0.31799
0.32446
0.33087
0.33752
0.34387
0.35028
0.35693
0.36340
0.36987
0.37634
0.38312
0.38965
0.39624
0.40308
0.40973
0.41632
0.42322
0.42987
0.43652
0.44318
0.45007
0.45673
0.46338
0.47021
0.47681
0.48334
0.49011
0.49664
0.50314
0.50980
0.51627
0.52267
0.52908
0.53574
0.54214
0.54855
0.55521
0.56161
0.56808
0.57480
0.58127
0.58780
0.59457
0.60117
0.60776
0.61441
0.62137
0.62808
0.63486
0.64188
0.64871
0.65549
0.66257
0.66934
0.67612
0.68314
0.68985
0.69656
0.70316
0.70999
0.71652
0.72293
0.72952
0.73575
0.74191
0.74820
0.75418
0.76010
0.76614
0.77188
0.77756
0.78323
0.78903
0.79465
0.80026
0.80600
0.81161
0.81723
0.82303
0.82864
0.83432
0.84024
0.84598
0.85178
0.85764
0.86362
0.86948
0.87521
0.88120
0.88687
0.89243
0.89804
0.90335
0.90848
0.91367
0.91843
0.92294
0.92722
0.93143
0.93521
0.93869
0.94211
0.94516
0.94791
0.95059
0.95291
0.95505
0.95706
0.95883
0.96042
0.96188
0.96323
0.96439
0.96548
0.96646
0.96732
0.96805
0.96878
0.96939
0.96994
0.97031
0.97061
0.97086
0.97092
0.97092
0.97086
0.97061
0.97031
0.96982
0.96933
0.96860
0.96786
0.96695
0.96597
0.96481
0.96353
0.96219
0.96066
0.95908
0.95743
0.95560
0.95370
0.95169
0.94955
0.94736
0.94510
0.94278
0.94022
0.93765
0.93503
0.93222
0.92947
0.92661
0.92349
0.92050
0.91739
0.91403
0.91080
0.90744
0.90402
0.90036
0.89682
0.89322
0.88937
0.88565
0.88187
0.87790
0.87405
0.87015
0.86606
0.86209
0.85806
0.85403
0.84976
0.84567
0.84158
0.83725
0.83304
0.82883
0.82437
0.82004
0.81570
0.81113
0.80667
0.80209
0.79752
0.79269
0.78793
0.78317
0.77811
0.77316
0.76816
0.76285
0.75772
0.75247
0.74698
0.74167
0.73624
0.73074
0.72501
0.71939
0.71371
0.70779
0.70200
0.69614
0.69003
0.68411
0.67813
0.67184
0.66574
0.65958
0.65341
0.64688
0.64053
0.63419
0.62747
0.62094
0.61441
0.60751
0.60086
0.59409
0.58701
0.58017
0.57321
0.56625
0.55893
0.55185
0.54465
0.53714
0.52988
0.52255
0.51486
0.50735
0.49979
0.49182
0.48413
0.47632
0.46838
0.46002
0.45184
0.44360
0.43488
0.42633
0.41772
0.40857
0.39966
0.39056
0.38104
0.37170
0.36218
0.35260
0.34253
0.33270
0.32281
0.31238
0.30225
0.29205
0.28137
0.27094
0.26050
0.24994
0.23895
0.22833
0.21759
0.20642
0.19556
0.18469
0.17334
0.16235
0.15125
0.13971
0.12848
0.11719
0.10583
0.09399
0.08252
0.07092
0.05878
0.04706
0.03522
0.02283
0.01080
-0.00122
-0.01385
-0.02612
-0.03845
-0.05084
-0.06372
-0.07617
-0.08862
-0.10156
-0.11401
-0.12653
-0.13940
-0.15179
-0.16418
-0.17694
-0.18915
-0.20129
-0.21338
-0.22583
-0.23779
-0.24963
-0.26184
-0.27356
-0.28522
-0.29718
-0.30865
-0.32007
-0.33173
-0.34296
-0.35406
-0.36511
-0.37646
-0.38733
-0.39807
-0.40912
-0.41974
-0.43018
-0.44092
-0.45117
-0.46130
-0.47168
-0.48163
-0.49146
-0.50125
-0.51126
-0.52084
-0.53036
-0.54019
-0.54959
-0.55893
-0.56863
-0.57785
-0.58713
-0.59665
-0.60580
-0.61496
-0.62411
-0.63351
-0.64255
-0.65152
-0.66074
-0.66959
-0.67825
-0.68723
-0.69571
-0.70407
-0.71262
-0.72067
-0.72855
-0.73630
-0.74411
-0.75150
-0.75864
-0.76584
-0.77261
-0.77927
-0.78592
-0.79221
-0.79831
-0.80447
-0.81033
-0.81601
-0.82156
-0.82724
-0.83261
-0.83786
-0.84323
-0.84836
-0.85336
-0.85849
-0.86343
-0.86826
-0.87320
-0.87790
-0.88248
-0.88705
-0.89163
-0.89603
-0.90030
-0.90463
-0.90878
-0.91275
-0.91684
-0.92068
-0.92441
-0.92801
-0.93167
-0.93515
-0.93845
-0.94180
-0.94492
-0.94791
-0.95096
-0.95383
-0.95657
-0.95932
-0.96188
-0.96432
-0.96677
-0.96915
-0.97134
-0.97342
-0.97556
-0.97751
-0.97940
-0.98123
-0.98294
-0.98453
-0.98611
-0.98758
-0.98892
-0.99020
-0.99142
-0.99252
-0.99356
-0.99454
-0.99539
-0.99619
-0.99698
-0.99765
-0.99820
-0.99878
-0.99921
-0.99963
-0.99997
-0.99997
-0.99997
-0.99997
-0.99997
-0.99997
-0.99997
-0.99997
-0.99997
-0.99982
-0.99939
-0.99890
-0.99832
-0.99765
-0.99692
-0.99606
-0.99515
-0.99405
-0.99295
-0.99173
-0.99039
-0.98898
-0.98746
-0.98581
-0.98404
-0.98227
-0.98032
-0.97818
-0.97604
-0.97372
-0.97122
-0.96866
-0.96597
-0.96304
-0.96005
-0.95694
-0.95358
-0.95016
-0.94662
-0.94290
-0.93893
-0.93491
-0.93076
-0.92630
-0.92184
-0.91727
-0.91232
-0.90744
-0.90237
-0.89694
-0.89157
-0.88608
-0.88040
-0.87436
-0.86838
-0.86221
-0.85568
-0.84927
-0.84268
-0.83566
-0.82877
-0.82175
-0.81424
-0.80692
-0.79935
-0.79166
-0.78348
-0.77548
-0.76724
-0.75858
-0.75003
-0.74130
-0.73209
-0.72299
-0.71378
-0.70438
-0.69449
-0.68478
-0.67490
-0.66452
-0.65439
-0.64407
-0.63327
-0.62271
-0.61203
-0.60080
-0.58994
-0.57889
-0.56778
-0.55618
-0.54489
-0.53354
-0.52164
-0.51004
-0.49835
-0.48615
-0.47430
-0.46240
-0.45001
-0.43805
-0.42603
-0.41406
-0.40161
-0.38971
-0.37781
-0.36548
-0.35370
-0.34198
-0.32996
-0.31842
-0.30701
-0.29529
-0.28406
-0.27301
-0.26202
-0.25073
-0.23987
-0.22913
-0.21796
-0.20728
-0.19653
-0.18542
-0.17468
-0.16394
-0.15271
-0.14178
-0.13086
-0.11981
-0.10828
-0.09705
-0.08582
-0.07404
-0.06268
-0.05127
-0.03949
-0.02808
-0.01672
-0.00500
