-0.80002
0.80005
0.79993
0.80008
0.79999
0.79993
0.80011
0.79990
0.80005
0.80002
0.79999
0.79996
0.80005
0.79996
0.80005
0.79996
0.80005
0.79993
0.80011
0.79993
0.80002
0.80002
0.79996
0.80005
0.79999
0.80002
0.79999
0.79999
0.80002
0.79999
0.79999
0.80005
0.79996
0.80002
0.80002
0.79993
0.80005
0.80002
0.79999
0.79999
0.80005
0.79987
0.80017
0.79984
0.80017
0.79987
0.80005
0.79999
0.79999
0.80005
0.79990
-0.79987
-0.80014
-0.79987
-0.80005
-0.80005
-0.79993
-0.80008
-0.79993
-0.80002
-0.79999
-0.80008
-0.79987
-0.80017
-0.79984
-0.80011
-0.79993
-0.80008
-0.79990
-0.80011
-0.79990
-0.80005
-0.80002
-0.79993
-0.80008
-0.79996
-0.79999
-0.80002
-0.79999
-0.80005
-0.79990
-0.80011
-0.79990
-0.80008
-0.80002
-0.79990
-0.80011
-0.79990
-0.80008
-0.79999
-0.79999
-0.80002
-0.79996
-0.80008
-0.79990
-0.80011
-0.79990
-0.80008
-0.79999
-0.79999
-0.79999
0.79999
0.79999
0.80005
0.79996
0.80002
0.80002
0.79993
0.80011
0.79993
0.80005
0.79996
0.80002
0.79999
0.80005
0.79993
0.80008
0.79993
0.80005
0.79999
0.79999
0.80002
0.79999
0.80002
0.79999
0.79996
0.80014
0.79980
0.80017
0.79990
0.80005
0.79999
0.80005
0.79987
0.80014
0.79990
0.80014
0.79984
0.80014
0.79987
0.80011
0.79996
0.79999
0.80002
0.80002
0.79996
0.80008
0.79990
0.80005
0.80002
0.79999
-0.79999
-0.80002
-0.79999
-0.80005
-0.79990
-0.80014
-0.79990
-0.80005
-0.79996
-0.80005
-0.79996
-0.80005
-0.79999
-0.79996
-0.80005
-0.79993
-0.80005
-0.79996
-0.80011
-0.79984
-0.80011
-0.79996
-0.79996
-0.80011
-0.79990
-0.80002
-0.80008
-0.79987
-0.80014
-0.79990
-0.80005
-0.79999
-0.79996
-0.80008
-0.79993
-0.80005
-0.79999
-0.79996
-0.80008
-0.79990
-0.80011
-0.79996
-0.79999
-0.80005
-0.79990
-0.80011
-0.79996
-0.79999
-0.80005
-0.79990
