-0.33728242374820205
-0.25220322395107
-0.17772634662737113
-0.10054174843227916
-0.03407436230390328
0.02979150367880014
0.08389756236263876
0.1315685280539606
0.17091742176123723
0.20144037381019136
0.22417096081700533
0.23870466947125304
0.24760120217288495
0.24860071701245282
0.24415702349111904
0.2354392204280346
0.22150238588025656
0.20470476058868764
0.18441409220877034
0.16323059244457597
0.13887030585257773
0.11475941523087495
0.08906306782107037
0.06413890830550364
0.03853142781388653
0.01375832106786656
-0.010676618079117572
-0.03343127663160496
-0.05653808264491597
-0.07693227572894346
-0.09772199409387373
-0.115919951245602
-0.13221846823752026
-0.1490799906705409
-0.16531079916295532
-0.17871958309764555
-0.1930066989619137
-0.20658664596880272
-0.22066450068955779
-0.23467581499980575
-0.24897985183440768
-0.263316468722219
-0.2776312216806299
-0.2930481973218897
-0.3095058796002666
-0.3259414114829214
-0.34394609357940176
-0.3609789016748393
-0.37937642924041465
-0.3975678353266098
-0.416049145150328
-0.4345271586906514
-0.4524093703820716
-0.47049278527181143
-0.4862856261255303
-0.502442922088929
-0.517028883646757
-0.5301628114283827
-0.5422149654488654
-0.5519685108276872
-0.5595969008462872
-0.5651588319079709
-0.5678289661445448
-0.5665699050127537
-0.5606225009083046
-0.5511538542243407
-0.5363165968583717
-0.5163212770207931
-0.4908190415705583
-0.4591508846931125
-0.4213656965305148
-0.37782008404298784
-0.32860669274999854
-0.27387465383185877
-0.21367435812053331
-0.14849803055543181
-0.08047229037317874
-0.008442536660390831
0.06389688674154627
0.13872020144196692
0.21121803942937226
0.28392979577128985
0.3537920040863197
0.4201592648237549
0.48318255145949324
0.5405584644429768
0.5927684447974568
0.6388057162456002
0.6786916016919233
0.7124712922579917
0.7400203235468009
0.7616664685633152
0.7778310374040337
0.7885072218409678
0.7948472979196365
0.7979305010265083
0.7984084404529161
0.7945282072901014
0.7906428221016047
0.7836087500361828
0.7768703697870957
0.7680703508317998
0.7599781051520611
0.7512140315215236
0.742781252394536
0.7357197290556193
0.7277818382300162
0.7216613927157202
0.7153342139432994
0.709652758005395
0.7049631055568092
0.7009915480856855
0.6991874637499567
0.6961993558835248
0.6957226836711888
0.6954950821227132
0.6969974372278944
0.6993911664061303
0.7028483649712114
0.7065390831031181
0.7119923281971187
0.7186714156278029
0.7257584608931354
0.7335705414219903
0.7429821895772291
0.7508336491152439
0.7609883837341596
0.769034498319183
0.7783357337470076
0.7872428887799859
0.7946633380608218
0.8033615577897563
0.8092434093637648
0.8152714569254503
0.8194382299094214
0.823650671672611
0.8255286077079224
0.8261862099682804
0.8258062707858987
0.8222102824379477
0.8199471448769121
0.8128738431933692
0.8048358133667082
0.7952699569814125
0.7839568271570224
0.770539212297219
0.7564112906283746
0.7405404789911619
0.7233163963005893
0.7059663876885739
0.6869174567922038
0.6673914096257311
0.6479032039636059
0.627309854541233
0.6060428061278444
0.5841795433750645
0.5615031217242692
0.5382278259057236
0.5146047311924399
0.4899984325801615
0.462535343427895
0.43565478303293564
0.4073387369514171
0.3783449967695007
0.3482032042560496
0.3173728670263211
0.28772610960441447
0.25589420837945936
0.2262859550948153
0.19551284825714565
0.16670668311035225
0.1387287868722547
0.11239733809692644
0.08810609292895663
0.06400103032986078
0.044507441551238286
0.025143697318033755
0.008856016232892758
-0.004684122383249212
-0.015885781551088045
-0.025110054685337245
-0.03298973142821869
-0.03819937667107001
-0.04227991678004391
-0.04478422062793253
-0.04557273670345804
-0.04681972408662477
-0.04622420931478976
-0.047242056965831676
-0.0467242165294516
-0.04777377648923624
-0.04814636573092767
-0.0496334664573913
-0.051448248018455045
-0.0548430124532003
-0.059774942803596104
-0.06489991451199582
-0.07190283001425254
-0.08001378375381674
-0.08874585200581503
-0.09939579884288754
-0.10923172799460518
-0.12241885755069248
-0.13332214259363334
-0.14869105993034532
-0.16155637066064205
-0.17665586794024685
-0.19151891395150558
-0.2063360434601013
-0.22198526367719687
-0.2363227012246766
-0.25037464043526964
-0.2628068528584557
-0.2753728995769981
-0.28662892355216985
-0.2968028988224936
-0.30627087340607306
-0.31406082030956556
-0.321556406052055
-0.32638214727144843
-0.33050759496220383
-0.3333022718531275
-0.33499744323866915
-0.3351135180205482
-0.33416398060793884
-0.33325530065780107
-0.3315634216920565
-0.3284588040878105
-0.3270129573687617
-0.3233952181385759
-0.32063163607623835
-0.31743636926106833
-0.31404278069010294
-0.3108778773298554
-0.30651446187819437
-0.30291427289612793
-0.2975326644126658
-0.2926074156537362
-0.28410773978134213
-0.27587891467296227
-0.2651536317577137
-0.25184363405502974
-0.2369872753140408
-0.21835405567898028
-0.19794915752193407
-0.17463528674024367
-0.1476151831633513
-0.11928801834326579
-0.08940030218154218
-0.05791940329614509
-0.024819492719264164
0.006939443656621508
0.039866460664563105
0.07091067599830014
0.09990840215715867
0.12685674759013835
0.15141521971329588
0.17191843978234397
0.1897784760470222
0.20177148155575092
0.2117061158150365
0.2154497915752473
0.21749659291987414
0.2160200437114898
0.21084562218491684
0.20330481632378986
0.19380025847005863
0.18304717540235577
0.17171104154626832
0.1596216547531207
0.14798415768022305
0.13717767737946268
0.1269967948257672
0.11761596600090636
0.11017643251779381
0.1041278166613692
0.09858083942460902
0.09593808066376107
0.09369538268523946
0.0940305768684749
0.09403626297447511
0.09532004968913836
0.09766887917563744
0.10072020751832939
0.10474980217876136
0.10752550602667696
0.11234418595507722
0.11598747956626879
0.11934007805753297
0.12186831480131638
0.12393068163171057
0.12519070139177066
0.12648643663777745
0.12399511991743112
0.12194550850250324
0.11696946403041164
0.11099709243809977
0.10442669977099181
0.09452482963828908
0.08430654770534435
0.07279714895667931
0.058032649604139966
0.043365997286707994
0.02746395293619317
0.01061994223852987
-0.008128781260951113
-0.02560054034916541
-0.043904668463552086
-0.06319749918411019
-0.0820163469049312
-0.10161128859250006
-0.11921433027670945
-0.1375809436262121
-0.1550029144228096
-0.17231995498857747
-0.18970306416915234
-0.20539220449433335
-0.22060587765797363
-0.23564721548941503
-0.2497963766924298
-0.26371104252847405
-0.2752663877593065
-0.2874098015662082
-0.2971466084259074
-0.30621132013777375
-0.31093938330232196
-0.31579656849291066
-0.3166985787958342
-0.31470718400941894
-0.3091557209533003
-0.2997732123295351
-0.2867253183446375
-0.2693881699816515
-0.24610560019917324
-0.22025206890364396
-0.18861134035424257
-0.15568510092557666
-0.11738991911599177
-0.07842642715951177
-0.03661220293615483
0.007300626544479766
0.04904178337993512
0.09199556521193605
0.13261463086606806
0.17110619346302255
0.20661399503537917
0.23826514081589334
0.26737324793975686
0.29039334428824126
0.30870599630172635
0.3222792895001427
0.3308521677870093
0.3334588147204315
0.33306893337382254
0.32758611445545344
0.3165442942835068
0.3038925993556638
0.28765975609576083
0.268041321228628
0.2468542564189952
0.22312107099072875
0.19770431609011727
0.17230002428375296
0.1451322504667277
0.11916862338723322
0.09211859497510426
0.06614265579221167
0.039968324060112345
0.01622651322028593
-0.0064888745281591114
-0.028163653924186415
-0.047592083705106966
-0.06526400434330874
-0.08043770007442916
-0.09468097957884761
-0.10541859317834072
-0.11574601150811917
-0.1234798140939629
-0.1294009321900786
-0.13339974332195026
-0.1363997050146568
-0.13743947840265858
-0.13913540565637705
-0.13922548595261355
-0.1387964528496422
-0.13777525397031304
-0.1363359052106795
-0.13463305795394143
-0.13286575039516288
-0.13149482413060887
-0.12942410238913704
-0.12721224015862206
-0.12587277935986982
-0.12400017841341636
-0.12331063787657398
-0.12286763951426936
-0.12359432434968352
-0.12345381472761743
-0.1251849504825632
-0.1258853133673244
-0.128221161484703
-0.12915123287995237
-0.1317542762302776
-0.13395307615263932
-0.13536635190792537
-0.1372849735895475
-0.13798061093055955
-0.1385451814691306
-0.13918604432213139
-0.13873925695542078
-0.1376743956663047
-0.13548650828197378
-0.13339660254774896
-0.13034950841302978
-0.12649803628882006
-0.12193005659730054
-0.11692402716380929
-0.11067129651756773
-0.10443126287463927
-0.09629797343693812
-0.08659490262133818
-0.07571766851944652
-0.06317868433957015
-0.04953816475896104
-0.034487546969778314
-0.01669600862110571
0.0008597741918709438
0.021287902745684036
0.041757811842712905
0.06376743352300032
0.08662145444274277
0.11052146686203505
0.13502375841219463
0.158852486607365
0.18381679613578977
0.20837030252048913
0.2322738014146591
0.2564326085098811
0.2794857849260104
0.300662058042109
0.32130497123058904
0.34089904744761107
0.3594981796908589
0.374994678241433
0.3903503837650892
0.4033270622918801
0.41477037373185344
0.4250217833584826
0.43242539571958205
0.438937658423112
0.4435770396382714
0.4463835118322337
0.44905403587763526
0.4491304719701003
0.4485255691542148
0.44621127716676584
0.443492534723389
0.4396989715243392
0.4352853753116333
0.429245498431979
0.42222740296477557
0.41558459275535886
0.40857399989988796
0.40196603720957835
0.3944628373206013
0.3874229327508016
0.3810021364020035
0.37426982115239454
0.36927269379574396
0.36352648088043055
0.3588848093752183
0.35325765119130037
0.3496810240618615
0.3465290992870015
0.34392896489059066
0.3404779020456964
0.338471310535347
0.3365719011787672
0.33487226324965014
0.3333190004428546
0.33122153356816186
0.3293414579307458
0.3276548299115038
0.3255428604195157
0.3229797086380153
0.31958210668439097
0.31609464468514137
0.31157654828337855
0.30732768380489267
0.30201717080050283
0.29666188732791066
0.2919638091680237
0.2860416661582848
0.2801860939282591
0.27420414243393193
0.26901929302874683
0.2640361760551375
0.2600430326838985
0.2560910708508582
0.2528169225202777
0.24963104112837456
0.2451901403773923
0.24172113275027857
0.2359698907200985
0.2295869286450041
0.22213416086589685
0.21091099939264638
0.19925682437871742
0.18463397964421321
0.1660832921387235
0.14466921996116539
0.11951122287496295
0.09244642410497962
0.060717207056936125
0.027250700906832067
-0.008925694786681607
-0.046096986798212294
-0.08571649623814769
-0.12685171271355775
-0.16578181198157302
-0.207660493052902
-0.24555828870061144
-0.28526807616869093
-0.32174599368609386
-0.3564695878661755
-0.39016654173254345
-0.42021015430805253
-0.4487924342549958
-0.47324652402215783
-0.49587288156058706
-0.515597890067379
-0.5331505983775598
-0.5486204301665942
-0.5607200286168734
-0.5727690618443723
-0.5811580348253316
-0.5892490110614154
-0.5963861808597712
-0.6015420161654923
-0.6064733605203009
-0.6100398121729095
-0.6159747620191405
-0.6183356361828373
-0.6225205757927414
-0.6269851308975563
-0.6313447012343805
-0.6355912193622336
-0.6406493081138043
-0.6461288116880836
-0.6516505326674081
-0.6589885814322929
-0.6654715946324339
-0.6746746645709197
-0.6830615477196842
-0.6909934592436997
-0.7017829883897212
-0.7095035673693161
-0.7217050629389017
-0.7305832641951716
-0.7412623976353453
-0.7518726424715102
-0.7610689857026519
-0.7711176142038796
-0.7785902529167948
-0.7881066596045888
-0.7942876948101767
-0.8019204891706113
-0.8092980375223513
-0.8134322670774292
-0.8221965751630096
-0.8263636386907552
-0.8342130061694573
-0.8411357811470582
-0.8493714809468758
-0.8591942886702131
-0.86945838902325
-0.8838899041668412
-0.8960249738844767
-0.912748341099437
-0.9280176940182074
-0.944770124548073
-0.9620583613559854
-0.9770372424329997
-0.9931917115458873
-1.0030267368817913
-1.01280733223943
-1.0157590770401705
-1.0146081161236231
-1.0064546757009047
-0.9907636016234548
-0.9676519365519288
-0.9352179128315722
-0.8953212354611669
-0.8475589521403885
-0.7896145255996309
-0.7279355400043167
-0.6549605575271702
-0.5825798546089188
-0.5000566566995667
-0.4236011309475262
